3.17213	4.97465	3.17213	4.97465
4.98838	0.673669	4.98838	0.673669
3.93457	1.511	3.93457	1.511
4.08192	2.15272	4.08192	2.15272
3.7805	4.07555	3.7805	4.07555
2.58622	5.05648	2.58622	5.05648
3.15041	2.83976	3.15041	2.83976
3.93624	2.58612	3.93624	2.58612
-0.0141873	-6.00067	-0.0141873	-6.00067
2.49846	3.88139	2.49846	3.88139
3.36042	4.07661	3.36042	4.07661
3.48485	3.85089	3.48485	3.85089
3.40497	2.54406	3.40497	2.54406
2.83837	-0.367421	2.83837	-0.367421
5.00533	3.05273	5.00533	3.05273
1.49795	1.36871	1.49795	1.36871
4.01898	1.7307	4.01898	1.7307
4.49361	0.030125	4.49361	0.030125
3.31577	3.30933	3.31577	3.30933
5.57743	3.43423	5.57743	3.43423
2.1947	2.33101	2.1947	2.33101
3.43986	5.59728	3.43986	5.59728
3.42227	2.48207	3.42227	2.48207
1.88433	5.19064	1.88433	5.19064
2.81058	3.09141	2.81058	3.09141
0.262657	5.05011	0.262657	5.05011
-0.126525	5.69823	-0.126525	5.69823
3.81649	2.43263	3.81649	2.43263
-2.55857	1.54013	-2.55857	1.54013
1.69498	-0.567737	1.69498	-0.567737
4.16579	1.09968	4.16579	1.09968
-1.3892	-3.16355	-1.3892	-3.16355
1.61997	5.49246	1.61997	5.49246
0.40694	1.13756	0.40694	1.13756
3.79065	-3.03677	3.79065	-3.03677
-2.83701	1.30375	-2.83701	1.30375
0.794321	5.42905	0.794321	5.42905
4.64748	-3.07344	4.64748	-3.07344
-2.25047	4.47223	-2.25047	4.47223
2.54035	-4.94932	2.54035	-4.94932
-0.0402975	-0.55028	-0.0402975	-0.55028
-1.44243	1.95396	-1.44243	1.95396
3.46137	-0.21468	3.46137	-0.21468
2.01703	3.72345	2.01703	3.72345
8.221	1.04503	8.221	1.04503
0.501017	6.30426	0.501017	6.30426
6.25912	0.948379	6.25912	0.948379
3.35145	3.02856	3.35145	3.02856
-0.381857	-1.69039	-0.381857	-1.69039
2.98346	4.16212	2.98346	4.16212
3.50873	2.51244	3.50873	2.51244
4.84606	1.61385	4.84606	1.61385
5.10415	-0.19571	5.10415	-0.19571
2.36363	4.55679	2.36363	4.55679
2.75849	3.17447	2.75849	3.17447
-0.443632	6.2568	-0.443632	6.2568
1.58524	5.22246	1.58524	5.22246
5.47707	3.02586	5.47707	3.02586
4.56124	0.626914	4.56124	0.626914
-1.54977	-1.87966	-1.54977	-1.87966
3.77381	1.5597	3.77381	1.5597
-0.524305	-0.0984068	-0.524305	-0.0984068
3.85104	-2.20803	3.85104	-2.20803
-3.00146	-6.04348	-3.00146	-6.04348
4.6912	2.75694	4.6912	2.75694
5.58907	3.99472	5.58907	3.99472
-1.36675	4.85155	-1.36675	4.85155
0.334848	-1.77163	0.334848	-1.77163
2.83376	3.64807	2.83376	3.64807
1.20669	2.22736	1.20669	2.22736
3.45762	3.72529	3.45762	3.72529
5.53108	-2.97203	5.53108	-2.97203
2.55381	3.45006	2.55381	3.45006
3.81887	1.62055	3.81887	1.62055
4.77015	-3.40676	4.77015	-3.40676
-0.184703	6.8999	-0.184703	6.8999
4.10129	1.89442	4.10129	1.89442
1.93807	1.64724	1.93807	1.64724
3.92307	-3.42292	3.92307	-3.42292
4.32346	1.27965	4.32346	1.27965
2.49308	3.69086	2.49308	3.69086
3.32722	2.03566	3.32722	2.03566
1.6665	2.03009	1.6665	2.03009
3.66976	1.27597	3.66976	1.27597
4.13146	-1.73826	4.13146	-1.73826
3.24515	2.95578	3.24515	2.95578
0.969311	-5.71594	0.969311	-5.71594
3.76808	4.92234	3.76808	4.92234
3.15012	3.30198	3.15012	3.30198
3.21971	1.99158	3.21971	1.99158
4.21008	2.77361	4.21008	2.77361
0.444481	5.64909	0.444481	5.64909
1.00494	-0.932728	1.00494	-0.932728
4.31981	-0.200653	4.31981	-0.200653
0.804028	6.30794	0.804028	6.30794
4.81839	3.02194	4.81839	3.02194
4.35157	6.15646	4.35157	6.15646
2.234	-4.53291	2.234	-4.53291
4.73169	3.07759	4.73169	3.07759
-4.67126	4.94347	-4.67126	4.94347
0.045866	0.151531	0.045866	0.151531
1.37917	5.93836	1.37917	5.93836
-0.666822	2.4215	-0.666822	2.4215
3.28682	3.84639	3.28682	3.84639
0.881753	4.71789	0.881753	4.71789
-4.03389	-6.03445	-4.03389	-6.03445
1.31621	4.35047	1.31621	4.35047
2.2965	-2.63184	2.2965	-2.63184
-0.619503	3.36164	-0.619503	3.36164
2.55377	3.30261	2.55377	3.30261
1.23781	3.25787	1.23781	3.25787
3.00373	3.18411	3.00373	3.18411
3.51423	5.4978	3.51423	5.4978
5.04276	-0.408015	5.04276	-0.408015
4.80469	-0.825285	4.80469	-0.825285
1.92553	4.02984	1.92553	4.02984
3.68172	1.31315	3.68172	1.31315
2.36244	0.942498	2.36244	0.942498
4.96739	1.35625	4.96739	1.35625
1.71987	-0.80421	1.71987	-0.80421
4.02524	3.24145	4.02524	3.24145
-2.74936	1.59042	-2.74936	1.59042
3.19866	3.27085	3.19866	3.27085
1.61959	0.526567	1.61959	0.526567
5.12601	1.90457	5.12601	1.90457
3.91878	1.5139	3.91878	1.5139
-2.27035	-0.940291	-2.27035	-0.940291
4.15223	2.08137	4.15223	2.08137
2.00019	4.1053	2.00019	4.1053
-4.10165	5.55562	-4.10165	5.55562
5.55572	-0.0804398	5.55572	-0.0804398
4.96667	0.343389	4.96667	0.343389
7.05782	-0.509909	7.05782	-0.509909
3.57501	3.18311	3.57501	3.18311
2.13812	1.0215	2.13812	1.0215
2.57443	4.47823	2.57443	4.47823
0.476523	-1.26896	0.476523	-1.26896
4.04271	-0.646007	4.04271	-0.646007
1.74883	-0.904393	1.74883	-0.904393
2.81297	4.54201	2.81297	4.54201
0.976664	-1.08155	0.976664	-1.08155
3.11656	-1.69352	3.11656	-1.69352
4.51765	-0.277717	4.51765	-0.277717
-1.91832	2.80131	-1.91832	2.80131
-0.299413	6.06803	-0.299413	6.06803
0.704573	-0.693098	0.704573	-0.693098
3.52966	2.34414	3.52966	2.34414
0.502187	0.548739	0.502187	0.548739
3.50524	4.6076	3.50524	4.6076
-0.265573	5.04653	-0.265573	5.04653
-0.457701	4.01925	-0.457701	4.01925
3.51353	3.20433	3.51353	3.20433
2.11697	-4.41762	2.11697	-4.41762
1.82268	3.9116	1.82268	3.9116
3.77363	4.4693	3.77363	4.4693
4.20703	0.786523	4.20703	0.786523
2.92512	2.75064	2.92512	2.75064
3.85334	0.479887	3.85334	0.479887
2.72545	3.18052	2.72545	3.18052
4.89546	5.35272	4.89546	5.35272
5.03428	-0.455416	5.03428	-0.455416
1.90356	-1.67881	1.90356	-1.67881
3.50427	3.16395	3.50427	3.16395
-1.38658	-0.481311	-1.38658	-0.481311
0.758878	2.64445	0.758878	2.64445
4.66103	3.15284	4.66103	3.15284
1.08035	3.55787	1.08035	3.55787
0.223116	3.22672	0.223116	3.22672
3.80053	-1.19072	3.80053	-1.19072
3.10058	-2.87932	3.10058	-2.87932
4.10683	-1.26507	4.10683	-1.26507
3.40233	2.83649	3.40233	2.83649
3.93872	1.15758	3.93872	1.15758
3.26977	-3.60537	3.26977	-3.60537
3.59367	-2.94034	3.59367	-2.94034
4.19139	2.40972	4.19139	2.40972
3.30886	-1.54774	3.30886	-1.54774
8.86836	-3.06766	8.86836	-3.06766
2.80626	2.82832	2.80626	2.82832
3.44945	0.844204	3.44945	0.844204
3.90029	1.99632	3.90029	1.99632
2.58292	1.02305	2.58292	1.02305
3.56255	3.23257	3.56255	3.23257
1.01619	-2.10237	1.01619	-2.10237
3.62238	3.6054	3.62238	3.6054
0.631701	-0.855382	0.631701	-0.855382
3.51072	2.03286	3.51072	2.03286
1.16676	5.31221	1.16676	5.31221
-2.66846	1.8973	-2.66846	1.8973
1.85877	5.61222	1.85877	5.61222
4.03787	2.23533	4.03787	2.23533
4.56416	2.70332	4.56416	2.70332
-3.10182	3.39755	-3.10182	3.39755
4.11089	3.01871	4.11089	3.01871
3.65701	2.26039	3.65701	2.26039
4.53986	-0.770506	4.53986	-0.770506
4.10548	1.59076	4.10548	1.59076
-0.893185	5.26491	-0.893185	5.26491
0.738081	-0.358391	0.738081	-0.358391
4.04479	-1.91264	4.04479	-1.91264
-2.19152	-4.86546	-2.19152	-4.86546
4.53676	3.3293	4.53676	3.3293
0.328507	3.70063	0.328507	3.70063
2.07722	3.75946	2.07722	3.75946
1.93834	4.42188	1.93834	4.42188
1.76034	-2.48917	1.76034	-2.48917
2.27613	6.12291	2.27613	6.12291
5.59206	3.40258	5.59206	3.40258
3.79134	3.9531	3.79134	3.9531
1.86944	3.96906	1.86944	3.96906
4.4042	-0.614504	4.4042	-0.614504
6.56763	3.37975	6.56763	3.37975
4.57754	0.829286	4.57754	0.829286
1.00074	5.44815	1.00074	5.44815
2.30018	2.63339	2.30018	2.63339
2.56605	2.78352	2.56605	2.78352
1.18276	7.17858	1.18276	7.17858
-0.0370961	5.73165	-0.0370961	5.73165
0.283899	3.9481	0.283899	3.9481
3.36151	1.97185	3.36151	1.97185
2.06465	-3.07209	2.06465	-3.07209
-6.12567	3.23321	-6.12567	3.23321
-2.68847	-2.62348	-2.68847	-2.62348
2.91786	3.47122	2.91786	3.47122
2.05328	-5.22564	2.05328	-5.22564
3.26898	2.35394	3.26898	2.35394
5.44634	-2.88387	5.44634	-2.88387
2.48779	2.20414	2.48779	2.20414
3.04753	-1.51203	3.04753	-1.51203
4.37333	1.60391	4.37333	1.60391
3.07855	-3.86651	3.07855	-3.86651
4.81687	-2.35646	4.81687	-2.35646
3.3691	1.9193	3.3691	1.9193
-1.88396	5.45786	-1.88396	5.45786
2.85275	2.76614	2.85275	2.76614
2.73621	4.36401	2.73621	4.36401
0.474005	6.99245	0.474005	6.99245
1.59863	2.21569	1.59863	2.21569
2.86622	5.84586	2.86622	5.84586
4.37707	1.03671	4.37707	1.03671
-1.56263	-2.32445	-1.56263	-2.32445
0.167015	5.50707	0.167015	5.50707
1.74291	-1.88935	1.74291	-1.88935
1.16628	4.46633	1.16628	4.46633
-0.527452	2.72984	-0.527452	2.72984
1.75923	-0.0731091	1.75923	-0.0731091
2.17352	5.87606	2.17352	5.87606
3.68165	1.18287	3.68165	1.18287
-0.419772	1.30468	-0.419772	1.30468
4.03611	0.528718	4.03611	0.528718
4.17877	0.945675	4.17877	0.945675
3.19343	3.95705	3.19343	3.95705
0.763929	4.81524	0.763929	4.81524
4.56575	4.03244	4.56575	4.03244
-2.67147	3.81173	-2.67147	3.81173
5.23117	3.77758	5.23117	3.77758
2.35339	0.700406	2.35339	0.700406
1.37577	4.2721	1.37577	4.2721
-0.336321	-2.84825	-0.336321	-2.84825
3.46659	4.67285	3.46659	4.67285
-1.01224	6.10004	-1.01224	6.10004
0.889956	4.96028	0.889956	4.96028
5.70682	5.93812	5.70682	5.93812
3.81257	-2.68287	3.81257	-2.68287
-2.76261	-0.758443	-2.76261	-0.758443
4.28358	-0.423636	4.28358	-0.423636
4.3613	0.781949	4.3613	0.781949
-0.828046	2.19516	-0.828046	2.19516
3.18653	2.20424	3.18653	2.20424
3.98083	-1.56884	3.98083	-1.56884
-0.581371	7.42795	-0.581371	7.42795
-0.507317	-1.16728	-0.507317	-1.16728
2.7159	2.23265	2.7159	2.23265
-3.06054	-6.19311	-3.06054	-6.19311
3.97317	2.43656	3.97317	2.43656
4.10028	0.195136	4.10028	0.195136
4.29123	1.30718	4.29123	1.30718
4.23957	-2.40022	4.23957	-2.40022
5.63145	2.15474	5.63145	2.15474
2.17643	0.431206	2.17643	0.431206
4.37166	3.45214	4.37166	3.45214
1.98839	1.55897	1.98839	1.55897
3.80483	0.850941	3.80483	0.850941
0.623426	4.96718	0.623426	4.96718
2.75573	5.16437	2.75573	5.16437
2.56185	-0.248048	2.56185	-0.248048
1.37125	-0.820202	1.37125	-0.820202
4.27978	-0.435412	4.27978	-0.435412
3.80929	0.790717	3.80929	0.790717
3.70286	1.88167	3.70286	1.88167
1.74067	4.06792	1.74067	4.06792
2.68413	3.68787	2.68413	3.68787
4.07225	-1.03846	4.07225	-1.03846
4.23095	-3.41581	4.23095	-3.41581
4.24145	-0.124524	4.24145	-0.124524
6.05736	1.34974	6.05736	1.34974
2.41136	3.10384	2.41136	3.10384
3.83505	-0.565939	3.83505	-0.565939
3.27618	-4.87961	3.27618	-4.87961
3.33178	2.53578	3.33178	2.53578
1.39849	3.22555	1.39849	3.22555
2.93847	3.84847	2.93847	3.84847
0.638445	3.47423	0.638445	3.47423
3.82921	1.21316	3.82921	1.21316
-0.640268	-5.51697	-0.640268	-5.51697
2.1253	3.93675	2.1253	3.93675
2.38466	-0.135914	2.38466	-0.135914
4.19883	1.46717	4.19883	1.46717
2.00826	1.60985	2.00826	1.60985
3.38186	-1.89709	3.38186	-1.89709
5.79826	-0.889781	5.79826	-0.889781
3.26214	0.983026	3.26214	0.983026
0.504739	6.10327	0.504739	6.10327
-3.30844	3.74348	-3.30844	3.74348
4.12944	0.566199	4.12944	0.566199
2.98975	2.12398	2.98975	2.12398
4.78216	-1.09761	4.78216	-1.09761
2.19056	3.70755	2.19056	3.70755
-0.932738	2.10555	-0.932738	2.10555
2.65126	-0.79381	2.65126	-0.79381
0.510419	2.70185	0.510419	2.70185
3.41216	6.48846	3.41216	6.48846
-1.04735	5.68193	-1.04735	5.68193
0.150367	3.81785	0.150367	3.81785
3.72142	1.02537	3.72142	1.02537
3.65803	0.91387	3.65803	0.91387
3.56145	2.64195	3.56145	2.64195
2.62842	-4.70372	2.62842	-4.70372
5.26317	0.174932	5.26317	0.174932
2.10318	-4.11298	2.10318	-4.11298
0.965559	-5.03083	0.965559	-5.03083
5.97396	0.470505	5.97396	0.470505
4.12031	4.75568	4.12031	4.75568
5.20917	0.692178	5.20917	0.692178
4.66835	1.62752	4.66835	1.62752
3.3858	2.74625	3.3858	2.74625
4.74534	-0.625189	4.74534	-0.625189
2.63218	-2.51587	2.63218	-2.51587
0.0934114	-3.14617	0.0934114	-3.14617
1.7136	4.12979	1.7136	4.12979
-0.900835	-1.7394	-0.900835	-1.7394
1.36373	1.36294	1.36373	1.36294
3.14759	-2.156	3.14759	-2.156
7.08757	1.19668	7.08757	1.19668
3.16855	-0.744855	3.16855	-0.744855
5.0929	-1.0842	5.0929	-1.0842
-0.642502	4.3085	-0.642502	4.3085
5.17664	2.42199	5.17664	2.42199
4.90332	0.928248	4.90332	0.928248
1.39703	-3.61553	1.39703	-3.61553
4.18255	-2.01343	4.18255	-2.01343
0.891682	3.47668	0.891682	3.47668
4.68759	0.544387	4.68759	0.544387
0.775738	5.38809	0.775738	5.38809
3.24225	4.77805	3.24225	4.77805
4.49172	-1.27762	4.49172	-1.27762
0.26647	-2.19291	0.26647	-2.19291
3.01652	4.5568	3.01652	4.5568
2.47967	-0.398171	2.47967	-0.398171
3.44478	3.81071	3.44478	3.81071
3.65361	2.45382	3.65361	2.45382
1.13337	-2.75288	1.13337	-2.75288
5.58728	0.879631	5.58728	0.879631
4.04041	1.61576	4.04041	1.61576
2.85127	2.1749	2.85127	2.1749
3.38632	2.59086	3.38632	2.59086
-0.0655408	4.73239	-0.0655408	4.73239
1.748	-0.561008	1.748	-0.561008
5.08297	3.46809	5.08297	3.46809
3.30882	4.44994	3.30882	4.44994
5.82645	-0.554575	5.82645	-0.554575
3.87688	1.21159	3.87688	1.21159
0.542089	3.01404	0.542089	3.01404
1.78242	4.09372	1.78242	4.09372
4.65304	1.69422	4.65304	1.69422
2.99184	4.48146	2.99184	4.48146
5.05363	3.00779	5.05363	3.00779
1.01868	-0.707567	1.01868	-0.707567
-0.960502	2.46976	-0.960502	2.46976
6.29493	2.87657	6.29493	2.87657
1.87016	4.62988	1.87016	4.62988
1.17313	1.31141	1.17313	1.31141
2.8587	3.62445	2.8587	3.62445
-4.78665	-3.24734	-4.78665	-3.24734
3.12575	2.97108	3.12575	2.97108
4.95757	0.365776	4.95757	0.365776
-2.54259	2.92543	-2.54259	2.92543
4.09152	-0.105059	4.09152	-0.105059
4.44947	-0.396235	4.44947	-0.396235
-2.08839	-6.07119	-2.08839	-6.07119
0.470843	-0.680068	0.470843	-0.680068
-1.29006	2.57495	-1.29006	2.57495
0.928558	-1.65999	0.928558	-1.65999
4.65565	2.44355	4.65565	2.44355
2.15039	2.38408	2.15039	2.38408
2.87383	3.38088	2.87383	3.38088
-3.68964	4.50507	-3.68964	4.50507
4.51873	-1.98344	4.51873	-1.98344
4.09468	1.40795	4.09468	1.40795
4.50168	2.14318	4.50168	2.14318
0.929005	-3.36491	0.929005	-3.36491
3.46343	3.39357	3.46343	3.39357
-0.814237	4.95866	-0.814237	4.95866
2.48687	-4.0494	2.48687	-4.0494
4.464	0.613905	4.464	0.613905
1.08203	5.10747	1.08203	5.10747
3.73678	1.3365	3.73678	1.3365
-0.594963	-3.74236	-0.594963	-3.74236
2.84634	2.70287	2.84634	2.70287
3.79035	2.38103	3.79035	2.38103
-1.59785	-4.29707	-1.59785	-4.29707
4.13879	2.43037	4.13879	2.43037
1.35373	-3.82261	1.35373	-3.82261
-0.650882	-4.77834	-0.650882	-4.77834
3.30486	3.82167	3.30486	3.82167
3.15791	0.59697	3.15791	0.59697
3.75798	1.42594	3.75798	1.42594
2.27724	4.76809	2.27724	4.76809
1.4414	2.17154	1.4414	2.17154
2.18985	-1.36727	2.18985	-1.36727
3.47116	3.73823	3.47116	3.73823
-1.72676	1.98724	-1.72676	1.98724
-3.28773	-2.52444	-3.28773	-2.52444
2.14579	3.45745	2.14579	3.45745
3.4802	3.47054	3.4802	3.47054
3.43112	-2.04901	3.43112	-2.04901
3.97995	0.940854	3.97995	0.940854
2.31238	-1.28699	2.31238	-1.28699
3.0658	0.495134	3.0658	0.495134
-1.95453	6.54232	-1.95453	6.54232
2.49286	3.1601	2.49286	3.1601
3.61475	-0.907915	3.61475	-0.907915
1.49204	4.0946	1.49204	4.0946
4.76831	3.13171	4.76831	3.13171
6.2109	0.540762	6.2109	0.540762
4.24158	2.372	4.24158	2.372
1.2039	5.24859	1.2039	5.24859
3.5034	1.99823	3.5034	1.99823
2.68763	0.180451	2.68763	0.180451
-0.225695	4.72928	-0.225695	4.72928
2.48829	3.34224	2.48829	3.34224
3.45633	2.8518	3.45633	2.8518
1.03848	5.27263	1.03848	5.27263
1.52597	-4.58554	1.52597	-4.58554
2.88772	3.70133	2.88772	3.70133
2.31923	4.17549	2.31923	4.17549
3.45159	2.1307	3.45159	2.1307
3.37929	0.0987577	3.37929	0.0987577
-5.03746	4.14226	-5.03746	4.14226
2.14361	4.26785	2.14361	4.26785
3.53659	-1.91632	3.53659	-1.91632
1.38111	0.946119	1.38111	0.946119
3.65957	3.59077	3.65957	3.59077
7.33103	0.0923262	7.33103	0.0923262
5.76234	-2.22271	5.76234	-2.22271
5.41662	2.94127	5.41662	2.94127
4.85419	1.01856	4.85419	1.01856
2.66378	4.3956	2.66378	4.3956
4.13068	4.16965	4.13068	4.16965
0.467033	2.93496	0.467033	2.93496
5.96582	-0.212614	5.96582	-0.212614
3.62927	1.70132	3.62927	1.70132
1.10168	4.38711	1.10168	4.38711
3.15858	0.791011	3.15858	0.791011
3.93169	4.31655	3.93169	4.31655
1.22873	4.31484	1.22873	4.31484
3.16566	0.338527	3.16566	0.338527
2.4466	0.707974	2.4466	0.707974
1.31638	-5.44925	1.31638	-5.44925
2.05815	1.9292	2.05815	1.9292
-1.98841	-0.328432	-1.98841	-0.328432
1.89423	3.93274	1.89423	3.93274
4.06124	3.53974	4.06124	3.53974
4.92881	1.24431	4.92881	1.24431
2.35987	-4.52564	2.35987	-4.52564
1.17377	-2.71405	1.17377	-2.71405
3.65706	4.04524	3.65706	4.04524
3.29381	3.87074	3.29381	3.87074
-2.74939	-4.45057	-2.74939	-4.45057
3.39759	3.78478	3.39759	3.78478
0.738551	5.11628	0.738551	5.11628
4.50848	3.1039	4.50848	3.1039
3.52905	4.62988	3.52905	4.62988
-2.21429	-3.89698	-2.21429	-3.89698
0.303533	5.39034	0.303533	5.39034
3.12903	3.21122	3.12903	3.21122
1.86426	-5.18527	1.86426	-5.18527
3.8774	3.67218	3.8774	3.67218
0.95438	1.05561	0.95438	1.05561
5.35555	3.5726	5.35555	3.5726
4.29533	2.38234	4.29533	2.38234
4.42668	-1.81242	4.42668	-1.81242
1.20497	5.44496	1.20497	5.44496
3.13692	2.62462	3.13692	2.62462
2.44974	1.87389	2.44974	1.87389
4.44914	2.67318	4.44914	2.67318
0.281467	-1.59731	0.281467	-1.59731
4.11705	3.11775	4.11705	3.11775
2.63496	3.06697	2.63496	3.06697
0.921733	-4.92539	0.921733	-4.92539
3.47581	0.746771	3.47581	0.746771
-1.62194	-6.3304	-1.62194	-6.3304
0.0217183	8.13011	0.0217183	8.13011
2.97144	2.99559	2.97144	2.99559
4.10066	-5.36149	4.10066	-5.36149
3.67957	1.29882	3.67957	1.29882
4.49438	-0.97944	4.49438	-0.97944
3.16431	3.94004	3.16431	3.94004
-1.20569	0.861557	-1.20569	0.861557
4.67243	-1.72749	4.67243	-1.72749
0.181157	-0.281046	0.181157	-0.281046
2.92948	2.76936	2.92948	2.76936
2.0805	-0.0946879	2.0805	-0.0946879
-2.53517	-0.769823	-2.53517	-0.769823
3.04124	2.9983	3.04124	2.9983
4.39815	0.443839	4.39815	0.443839
3.90035	1.28459	3.90035	1.28459
1.53552	2.48268	1.53552	2.48268
3.66862	1.13259	3.66862	1.13259
2.6341	3.12042	2.6341	3.12042
2.84836	2.94994	2.84836	2.94994
4.03983	2.63335	4.03983	2.63335
3.43204	-5.1565	3.43204	-5.1565
4.17887	-0.553539	4.17887	-0.553539
3.21788	2.934	3.21788	2.934
2.29517	0.311859	2.29517	0.311859
4.12513	2.34426	4.12513	2.34426
0.916068	2.79806	0.916068	2.79806
-1.30021	5.69101	-1.30021	5.69101
2.401	3.88471	2.401	3.88471
2.52318	-3.36427	2.52318	-3.36427
0.509438	2.1633	0.509438	2.1633
1.12759	-0.552309	1.12759	-0.552309
-2.76854	3.68247	-2.76854	3.68247
6.07584	-0.596644	6.07584	-0.596644
3.44213	1.03924	3.44213	1.03924
1.99828	0.910416	1.99828	0.910416
2.85178	-0.705747	2.85178	-0.705747
4.38112	-0.82471	4.38112	-0.82471
2.15192	-3.47581	2.15192	-3.47581
-0.452192	0.204352	-0.452192	0.204352
3.70524	0.301569	3.70524	0.301569
3.87284	1.14794	3.87284	1.14794
4.63964	-1.03413	4.63964	-1.03413
4.42875	2.17741	4.42875	2.17741
3.66119	1.68091	3.66119	1.68091
-6.09946	-2.64829	-6.09946	-2.64829
2.08338	0.370773	2.08338	0.370773
4.3531	3.14261	4.3531	3.14261
-0.824952	3.7538	-0.824952	3.7538
3.88959	0.924275	3.88959	0.924275
4.17871	2.50457	4.17871	2.50457
0.154912	3.43133	0.154912	3.43133
-1.42927	5.10236	-1.42927	5.10236
4.53779	-0.541911	4.53779	-0.541911
1.82382	-1.22031	1.82382	-1.22031
6.04402	1.03043	6.04402	1.03043
0.949989	-2.95437	0.949989	-2.95437
3.17698	2.37481	3.17698	2.37481
3.69272	1.21102	3.69272	1.21102
4.43872	2.52788	4.43872	2.52788
-3.52107	5.20726	-3.52107	5.20726
3.75305	3.13275	3.75305	3.13275
3.77378	2.61332	3.77378	2.61332
4.75276	-0.00353086	4.75276	-0.00353086
1.14123	-2.63682	1.14123	-2.63682
2.38102	0.61726	2.38102	0.61726
1.25362	4.53766	1.25362	4.53766
-3.84794	3.25064	-3.84794	3.25064
1.30754	4.4807	1.30754	4.4807
4.16862	-1.20857	4.16862	-1.20857
-2.03691	3.64732	-2.03691	3.64732
1.85702	5.48247	1.85702	5.48247
3.27105	-0.0298223	3.27105	-0.0298223
4.41298	0.0854884	4.41298	0.0854884
1.97784	-1.86045	1.97784	-1.86045
2.97901	2.7549	2.97901	2.7549
2.00885	4.40954	2.00885	4.40954
0.0968504	-1.30043	0.0968504	-1.30043
4.11449	2.75404	4.11449	2.75404
6.61604	0.786508	6.61604	0.786508
3.46468	1.88915	3.46468	1.88915
0.333696	5.6577	0.333696	5.6577
1.80309	-3.60476	1.80309	-3.60476
3.84679	2.43992	3.84679	2.43992
0.99862	-2.50138	0.99862	-2.50138
4.17364	1.52079	4.17364	1.52079
3.48639	1.87839	3.48639	1.87839
6.49431	2.39222	6.49431	2.39222
4.18374	-1.36479	4.18374	-1.36479
5.02942	0.248537	5.02942	0.248537
0.461816	6.18906	0.461816	6.18906
2.50384	2.69889	2.50384	2.69889
4.88184	3.38039	4.88184	3.38039
6.42158	1.17801	6.42158	1.17801
0.635784	0.161645	0.635784	0.161645
1.38221	4.6063	1.38221	4.6063
-0.797095	-1.73939	-0.797095	-1.73939
2.86417	-0.7967	2.86417	-0.7967
4.25386	1.2699	4.25386	1.2699
3.5736	-2.15436	3.5736	-2.15436
4.09325	0.338431	4.09325	0.338431
5.64724	3.49238	5.64724	3.49238
4.56178	1.97846	4.56178	1.97846
-3.06829	5.52221	-3.06829	5.52221
2.69772	4.38841	2.69772	4.38841
2.53867	3.8981	2.53867	3.8981
1.30584	0.792543	1.30584	0.792543
1.27176	4.60542	1.27176	4.60542
3.28835	2.51318	3.28835	2.51318
1.87728	-1.00604	1.87728	-1.00604
0.0600882	4.08198	0.0600882	4.08198
4.8903	1.3153	4.8903	1.3153
5.39917	-2.10265	5.39917	-2.10265
2.59708	3.94476	2.59708	3.94476
2.62073	1.08122	2.62073	1.08122
1.40391	-2.91559	1.40391	-2.91559
3.96468	0.115781	3.96468	0.115781
-2.50521	1.02599	-2.50521	1.02599
3.80259	1.94696	3.80259	1.94696
3.43362	2.15915	3.43362	2.15915
1.63911	4.55848	1.63911	4.55848
1.38628	-1.65562	1.38628	-1.65562
-2.14445	3.40576	-2.14445	3.40576
3.67259	2.25775	3.67259	2.25775
-1.06667	4.65725	-1.06667	4.65725
-2.00057	3.30016	-2.00057	3.30016
5.51079	3.10662	5.51079	3.10662
4.05487	-1.56354	4.05487	-1.56354
5.38091	1.8701	5.38091	1.8701
5.00466	-0.404528	5.00466	-0.404528
2.5156	-3.87299	2.5156	-3.87299
5.04248	1.07177	5.04248	1.07177
4.75619	2.96608	4.75619	2.96608
2.44777	0.183506	2.44777	0.183506
4.08403	1.50678	4.08403	1.50678
-0.0771203	2.15781	-0.0771203	2.15781
-0.300381	2.3729	-0.300381	2.3729
-3.64935	1.65846	-3.64935	1.65846
2.35157	5.26539	2.35157	5.26539
7.16318	4.86065	7.16318	4.86065
0.365414	-0.0757604	0.365414	-0.0757604
4.95498	1.35896	4.95498	1.35896
3.61557	2.68369	3.61557	2.68369
-1.24909	-2.7206	-1.24909	-2.7206
0.379778	-4.02074	0.379778	-4.02074
-1.49356	-1.6305	-1.49356	-1.6305
3.77987	1.40622	3.77987	1.40622
3.18826	3.15108	3.18826	3.15108
3.75546	2.11328	3.75546	2.11328
2.79094	-1.27824	2.79094	-1.27824
5.37252	-1.92614	5.37252	-1.92614
3.87518	0.83933	3.87518	0.83933
3.62819	3.97817	3.62819	3.97817
1.75716	4.58983	1.75716	4.58983
2.10521	3.01022	2.10521	3.01022
-1.52516	-3.39124	-1.52516	-3.39124
4.61813	1.01425	4.61813	1.01425
2.63121	3.58085	2.63121	3.58085
3.31892	3.63523	3.31892	3.63523
3.8771	3.47932	3.8771	3.47932
3.07095	2.66181	3.07095	2.66181
0.112185	-0.299243	0.112185	-0.299243
2.18302	2.55937	2.18302	2.55937
0.576376	0.322148	0.576376	0.322148
4.88862	0.511049	4.88862	0.511049
3.08982	-0.42351	3.08982	-0.42351
0.0376506	-0.404225	0.0376506	-0.404225
1.80246	4.08992	1.80246	4.08992
0.115267	2.56601	0.115267	2.56601
4.61663	3.80133	4.61663	3.80133
4.17924	0.776461	4.17924	0.776461
3.09866	2.84269	3.09866	2.84269
0.0181208	-2.36647	0.0181208	-2.36647
-4.10989	3.67229	-4.10989	3.67229
1.65689	0.921917	1.65689	0.921917
3.87778	2.77485	3.87778	2.77485
1.3396	-4.19341	1.3396	-4.19341
2.76554	3.80082	2.76554	3.80082
-2.95845	3.06352	-2.95845	3.06352
0.549099	4.75354	0.549099	4.75354
4.98063	1.67717	4.98063	1.67717
1.3476	5.70801	1.3476	5.70801
2.16789	-1.48351	2.16789	-1.48351
2.50625	0.515406	2.50625	0.515406
5.00023	-1.64263	5.00023	-1.64263
2.18074	3.97515	2.18074	3.97515
2.98395	2.96381	2.98395	2.96381
1.6667	4.4524	1.6667	4.4524
4.11595	3.87235	4.11595	3.87235
1.13537	4.6894	1.13537	4.6894
4.57067	-2.14254	4.57067	-2.14254
5.12873	0.955138	5.12873	0.955138
1.07322	6.85593	1.07322	6.85593
1.61481	1.86877	1.61481	1.86877
-0.116475	1.13978	-0.116475	1.13978
3.23759	2.9578	3.23759	2.9578
-1.44681	0.702379	-1.44681	0.702379
0.386274	-3.99987	0.386274	-3.99987
-2.27193	2.5661	-2.27193	2.5661
-0.208525	0.957034	-0.208525	0.957034
0.893443	5.6867	0.893443	5.6867
3.38368	2.43598	3.38368	2.43598
5.72568	0.383114	5.72568	0.383114
5.57693	-0.717877	5.57693	-0.717877
-6.11744	-4.82296	-6.11744	-4.82296
1.66673	6.42331	1.66673	6.42331
2.49476	0.71473	2.49476	0.71473
3.69924	1.177	3.69924	1.177
1.77927	1.94642	1.77927	1.94642
4.14285	-1.03541	4.14285	-1.03541
1.61531	0.894619	1.61531	0.894619
2.85253	4.99277	2.85253	4.99277
5.41733	1.77761	5.41733	1.77761
4.92768	0.908352	4.92768	0.908352
3.2341	2.36005	3.2341	2.36005
2.57959	-4.40193	2.57959	-4.40193
-1.47832	5.43705	-1.47832	5.43705
1.96335	-0.055656	1.96335	-0.055656
5.39789	1.92419	5.39789	1.92419
4.14983	1.87016	4.14983	1.87016
2.2214	4.60728	2.2214	4.60728
3.81011	2.27372	3.81011	2.27372
2.1899	7.4763	2.1899	7.4763
2.16177	3.9857	2.16177	3.9857
3.30656	4.71986	3.30656	4.71986
0.447335	1.91644	0.447335	1.91644
1.76183	4.04158	1.76183	4.04158
1.31972	0.146741	1.31972	0.146741
2.78969	2.81286	2.78969	2.81286
3.16027	1.81583	3.16027	1.81583
4.45339	3.49995	4.45339	3.49995
2.06572	2.05031	2.06572	2.05031
4.60571	1.889	4.60571	1.889
2.69888	4.07245	2.69888	4.07245
1.2195	4.34269	1.2195	4.34269
6.76312	0.841263	6.76312	0.841263
2.15071	2.42058	2.15071	2.42058
3.70259	2.20902	3.70259	2.20902
2.30115	3.5499	2.30115	3.5499
3.46451	3.5331	3.46451	3.5331
1.86483	2.2145	1.86483	2.2145
4.45039	-2.67516	4.45039	-2.67516
4.07623	-3.23931	4.07623	-3.23931
3.57953	2.51462	3.57953	2.51462
-2.41576	1.51664	-2.41576	1.51664
0.851204	5.8345	0.851204	5.8345
0.893534	-4.75907	0.893534	-4.75907
4.9	3.80484	4.9	3.80484
2.98173	0.99179	2.98173	0.99179
1.8578	2.6575	1.8578	2.6575
4.83318	2.21197	4.83318	2.21197
3.32464	-1.86205	3.32464	-1.86205
5.51712	2.18684	5.51712	2.18684
3.55497	2.72766	3.55497	2.72766
1.14829	-2.88681	1.14829	-2.88681
3.26521	4.54531	3.26521	4.54531
1.98028	1.27006	1.98028	1.27006
2.71597	6.59895	2.71597	6.59895
3.27996	-2.98989	3.27996	-2.98989
2.59701	3.98384	2.59701	3.98384
3.64702	-2.89049	3.64702	-2.89049
-2.54125	0.812024	-2.54125	0.812024
4.13943	1.41895	4.13943	1.41895
1.51327	1.09776	1.51327	1.09776
5.29675	1.14138	5.29675	1.14138
3.88626	-3.2956	3.88626	-3.2956
3.31857	3.67969	3.31857	3.67969
0.426429	5.33128	0.426429	5.33128
2.61696	3.02082	2.61696	3.02082
3.56612	3.25883	3.56612	3.25883
-0.468852	-5.46314	-0.468852	-5.46314
2.90303	4.18821	2.90303	4.18821
3.78476	1.90084	3.78476	1.90084
0.37902	5.15717	0.37902	5.15717
3.95833	-1.31411	3.95833	-1.31411
-0.412267	-4.47016	-0.412267	-4.47016
4.00099	-0.896074	4.00099	-0.896074
3.27034	-4.19108	3.27034	-4.19108
4.06821	2.06052	4.06821	2.06052
0.52832	3.15983	0.52832	3.15983
3.50843	2.60205	3.50843	2.60205
-1.69262	-5.78171	-1.69262	-5.78171
0.753753	0.397204	0.753753	0.397204
2.57594	6.1605	2.57594	6.1605
4.06403	1.39618	4.06403	1.39618
5.90459	2.55528	5.90459	2.55528
4.13525	0.353964	4.13525	0.353964
0.7856	6.9729	0.7856	6.9729
2.06864	4.61404	2.06864	4.61404
-0.184667	6.81037	-0.184667	6.81037
0.578304	5.63117	0.578304	5.63117
2.39515	4.63387	2.39515	4.63387
-2.24267	-0.681017	-2.24267	-0.681017
-0.18762	5.20811	-0.18762	5.20811
3.99932	1.3777	3.99932	1.3777
3.79644	1.95992	3.79644	1.95992
2.68755	3.48665	2.68755	3.48665
-0.150901	-0.354584	-0.150901	-0.354584
2.88673	-4.31538	2.88673	-4.31538
6.10647	-2.85432	6.10647	-2.85432
5.19115	0.364944	5.19115	0.364944
-0.716805	-2.85621	-0.716805	-2.85621
-0.619554	0.136693	-0.619554	0.136693
1.55613	4.57488	1.55613	4.57488
4.07534	0.157373	4.07534	0.157373
2.16261	4.0379	2.16261	4.0379
5.50487	3.90712	5.50487	3.90712
3.87748	1.19551	3.87748	1.19551
3.13338	-1.47895	3.13338	-1.47895
2.91931	-0.408364	2.91931	-0.408364
0.13993	4.5501	0.13993	4.5501
3.46584	2.52301	3.46584	2.52301
2.38199	1.35407	2.38199	1.35407
1.88763	2.50379	1.88763	2.50379
3.60511	2.92281	3.60511	2.92281
0.349473	-5.33254	0.349473	-5.33254
0.130086	6.23108	0.130086	6.23108
1.99002	4.57345	1.99002	4.57345
3.98285	2.05948	3.98285	2.05948
4.94802	1.79866	4.94802	1.79866
4.1136	-2.24669	4.1136	-2.24669
2.49095	3.4225	2.49095	3.4225
3.88812	0.717031	3.88812	0.717031
2.60319	-1.56847	2.60319	-1.56847
2.51117	0.88243	2.51117	0.88243
3.01053	-4.88376	3.01053	-4.88376
3.55367	-3.981	3.55367	-3.981
6.95005	3.83994	6.95005	3.83994
3.85463	4.08088	3.85463	4.08088
5.03136	3.10143	5.03136	3.10143
-0.499856	-5.36944	-0.499856	-5.36944
4.28114	3.86771	4.28114	3.86771
5.76402	-0.63446	5.76402	-0.63446
-1.42209	1.34004	-1.42209	1.34004
-0.434324	5.96479	-0.434324	5.96479
3.4833	3.13688	3.4833	3.13688
4.78637	1.66447	4.78637	1.66447
3.55608	3.74251	3.55608	3.74251
3.66954	2.34998	3.66954	2.34998
1.83331	3.98478	1.83331	3.98478
2.65389	-0.353541	2.65389	-0.353541
-2.16634	3.68073	-2.16634	3.68073
1.2029	2.98738	1.2029	2.98738
2.431	3.90641	2.431	3.90641
3.45433	-0.0507407	3.45433	-0.0507407
3.67153	-1.43249	3.67153	-1.43249
4.82511	1.76964	4.82511	1.76964
1.33663	-4.60806	1.33663	-4.60806
2.27079	-2.45625	2.27079	-2.45625
1.80338	4.05863	1.80338	4.05863
1.43663	4.40864	1.43663	4.40864
3.40805	3.39079	3.40805	3.39079
1.36082	3.4684	1.36082	3.4684
2.30932	1.80281	2.30932	1.80281
3.05908	6.1066	3.05908	6.1066
1.42681	0.330262	1.42681	0.330262
5.36677	1.55332	5.36677	1.55332
6.02553	-1.51703	6.02553	-1.51703
1.02173	-1.92143	1.02173	-1.92143
-0.893288	4.05955	-0.893288	4.05955
-1.88561	3.43873	-1.88561	3.43873
1.73081	0.716785	1.73081	0.716785
-3.70615	3.57025	-3.70615	3.57025
1.44069	4.68872	1.44069	4.68872
4.30726	0.406369	4.30726	0.406369
3.67786	-1.46443	3.67786	-1.46443
2.72354	3.11768	2.72354	3.11768
3.51415	3.40139	3.51415	3.40139
3.4635	1.79016	3.4635	1.79016
3.55233	-2.97648	3.55233	-2.97648
2.80485	3.53779	2.80485	3.53779
2.15549	1.62611	2.15549	1.62611
2.66281	4.75373	2.66281	4.75373
3.36726	-5.67177	3.36726	-5.67177
3.76077	4.39259	3.76077	4.39259
-3.0981	-6.55728	-3.0981	-6.55728
3.46478	0.613242	3.46478	0.613242
1.03447	5.10082	1.03447	5.10082
4.20665	3.25861	4.20665	3.25861
-0.201493	-2.34256	-0.201493	-2.34256
5.5153	-1.84659	5.5153	-1.84659
7.15173	0.428691	7.15173	0.428691
4.4531	-0.483479	4.4531	-0.483479
3.97152	-0.0390935	3.97152	-0.0390935
4.25579	3.27962	4.25579	3.27962
1.43803	-5.39968	1.43803	-5.39968
4.65849	-0.183089	4.65849	-0.183089
0.205002	5.2274	0.205002	5.2274
-1.49322	-0.666981	-1.49322	-0.666981
0.870854	4.18016	0.870854	4.18016
3.19089	2.36769	3.19089	2.36769
2.43094	2.7884	2.43094	2.7884
4.20444	-0.279763	4.20444	-0.279763
4.58649	1.13658	4.58649	1.13658
1.44976	-2.80839	1.44976	-2.80839
-0.229733	6.1794	-0.229733	6.1794
3.57277	-0.408814	3.57277	-0.408814
3.43054	1.41849	3.43054	1.41849
5.47068	-0.228108	5.47068	-0.228108
5.80712	0.527279	5.80712	0.527279
-3.0862	4.9984	-3.0862	4.9984
2.39837	3.50403	2.39837	3.50403
3.75605	3.86897	3.75605	3.86897
1.36612	1.29746	1.36612	1.29746
6.22508	-0.526728	6.22508	-0.526728
1.97024	5.48406	1.97024	5.48406
3.10773	0.97365	3.10773	0.97365
1.8436	0.0123034	1.8436	0.0123034
3.74997	1.2931	3.74997	1.2931
1.30679	5.02007	1.30679	5.02007
3.2864	3.97197	3.2864	3.97197
1.55525	0.292552	1.55525	0.292552
3.30321	2.27389	3.30321	2.27389
1.37577	5.41327	1.37577	5.41327
4.47937	2.06859	4.47937	2.06859
1.97844	1.76235	1.97844	1.76235
4.38572	2.28991	4.38572	2.28991
2.59835	3.39356	2.59835	3.39356
5.22323	3.46468	5.22323	3.46468
4.0882	4.16335	4.0882	4.16335
3.19543	3.66998	3.19543	3.66998
2.64393	3.7681	2.64393	3.7681
1.0448	5.01724	1.0448	5.01724
-0.283298	3.69852	-0.283298	3.69852
4.12131	1.00716	4.12131	1.00716
6.42729	2.04643	6.42729	2.04643
4.20587	-1.32983	4.20587	-1.32983
-0.151319	-5.66804	-0.151319	-5.66804
-0.146184	0.77021	-0.146184	0.77021
2.93036	2.36994	2.93036	2.36994
0.359196	-4.6823	0.359196	-4.6823
0.914392	-2.34012	0.914392	-2.34012
1.05013	-2.12582	1.05013	-2.12582
4.50488	2.56467	4.50488	2.56467
-3.26661	-2.59566	-3.26661	-2.59566
3.65748	1.64342	3.65748	1.64342
4.17702	0.574603	4.17702	0.574603
4.43011	-3.31022	4.43011	-3.31022
2.58823	1.40826	2.58823	1.40826
4.53551	-3.10846	4.53551	-3.10846
2.46103	3.31579	2.46103	3.31579
3.85537	0.88527	3.85537	0.88527
4.48721	1.6126	4.48721	1.6126
4.30876	4.17647	4.30876	4.17647
1.56971	1.76545	1.56971	1.76545
3.3885	3.82304	3.3885	3.82304
2.85528	3.38182	2.85528	3.38182
-0.179239	4.01039	-0.179239	4.01039
3.96377	3.60394	3.96377	3.60394
-2.058	-4.44783	-2.058	-4.44783
3.38135	4.59033	3.38135	4.59033
3.84045	0.924385	3.84045	0.924385
2.88943	0.285345	2.88943	0.285345
3.91428	-0.780572	3.91428	-0.780572
2.48448	3.43667	2.48448	3.43667
0.962913	-1.02495	0.962913	-1.02495
5.36777	-0.463457	5.36777	-0.463457
0.81665	-4.20337	0.81665	-4.20337
2.74926	3.94721	2.74926	3.94721
-6.22544	0.666724	-6.22544	0.666724
4.7592	0.4353	4.7592	0.4353
3.7084	3.40866	3.7084	3.40866
0.28647	4.07426	0.28647	4.07426
2.79315	3.03696	2.79315	3.03696
2.96829	5.35735	2.96829	5.35735
2.04045	3.00701	2.04045	3.00701
2.13862	4.55545	2.13862	4.55545
2.39337	-3.50698	2.39337	-3.50698
0.528792	-0.88383	0.528792	-0.88383
2.489	3.61077	2.489	3.61077
3.39439	-1.57048	3.39439	-1.57048
4.67982	-0.123382	4.67982	-0.123382
0.209623	-2.64012	0.209623	-2.64012
1.11553	4.13817	1.11553	4.13817
3.95226	2.98447	3.95226	2.98447
2.03459	4.9052	2.03459	4.9052
1.07793	-0.9507	1.07793	-0.9507
6.94663	1.00349	6.94663	1.00349
3.37114	-0.934545	3.37114	-0.934545
4.1909	3.59561	4.1909	3.59561
4.1063	-0.282755	4.1063	-0.282755
2.69924	3.39288	2.69924	3.39288
-1.53479	-4.74725	-1.53479	-4.74725
2.23704	0.972826	2.23704	0.972826
1.46677	4.11028	1.46677	4.11028
-0.142772	0.444429	-0.142772	0.444429
6.95063	-0.832947	6.95063	-0.832947
2.23422	4.41362	2.23422	4.41362
3.38694	2.1717	3.38694	2.1717
3.30317	4.20713	3.30317	4.20713
3.52206	0.630494	3.52206	0.630494
-0.447849	2.43258	-0.447849	2.43258
5.04124	1.1948	5.04124	1.1948
2.41683	3.12944	2.41683	3.12944
1.1055	-1.02882	1.1055	-1.02882
0.390248	-1.39795	0.390248	-1.39795
5.49209	1.64364	5.49209	1.64364
0.336025	6.37719	0.336025	6.37719
4.47166	1.8269	4.47166	1.8269
3.95878	0.959493	3.95878	0.959493
2.75678	3.43562	2.75678	3.43562
4.37178	2.67148	4.37178	2.67148
0.0915914	-3.28595	0.0915914	-3.28595
-1.04716	-0.528447	-1.04716	-0.528447
2.70663	2.65726	2.70663	2.65726
3.21274	-0.222429	3.21274	-0.222429
3.8967	2.01726	3.8967	2.01726
3.07382	3.74238	3.07382	3.74238
4.42576	0.889241	4.42576	0.889241
-0.296786	6.40128	-0.296786	6.40128
5.01427	1.38331	5.01427	1.38331
4.18596	-1.92174	4.18596	-1.92174
2.47449	-0.789126	2.47449	-0.789126
0.884888	4.7176	0.884888	4.7176
4.7776	5.38871	4.7776	5.38871
7.43059	2.0536	7.43059	2.0536
2.30692	4.77821	2.30692	4.77821
1.23139	0.461543	1.23139	0.461543
2.90928	4.52115	2.90928	4.52115
2.27368	3.98997	2.27368	3.98997
2.29298	-3.38463	2.29298	-3.38463
6.73862	-0.688644	6.73862	-0.688644
0.669963	5.62751	0.669963	5.62751
1.54791	4.35198	1.54791	4.35198
0.959634	-3.84211	0.959634	-3.84211
-1.98059	5.57485	-1.98059	5.57485
4.26625	1.31009	4.26625	1.31009
6.32643	1.68913	6.32643	1.68913
4.78186	2.70884	4.78186	2.70884
4.64349	-1.12106	4.64349	-1.12106
1.47452	3.68385	1.47452	3.68385
1.31321	-3.06512	1.31321	-3.06512
-1.18764	5.79243	-1.18764	5.79243
2.99536	0.90145	2.99536	0.90145
4.08882	4.12412	4.08882	4.12412
3.85553	3.9078	3.85553	3.9078
0.730948	5.04694	0.730948	5.04694
4.91988	-0.960634	4.91988	-0.960634
1.26706	-0.725621	1.26706	-0.725621
2.71347	2.8835	2.71347	2.8835
5.97225	2.51732	5.97225	2.51732
2.40481	3.92664	2.40481	3.92664
2.8074	-1.84041	2.8074	-1.84041
0.65707	-4.62634	0.65707	-4.62634
2.82898	0.91191	2.82898	0.91191
-0.532719	5.40896	-0.532719	5.40896
3.91357	4.24071	3.91357	4.24071
3.703	1.15773	3.703	1.15773
5.90376	1.86477	5.90376	1.86477
3.50886	2.83048	3.50886	2.83048
4.00484	2.50457	4.00484	2.50457
0.782618	0.21098	0.782618	0.21098
5.68173	1.23484	5.68173	1.23484
3.42122	-1.12424	3.42122	-1.12424
0.182469	5.61462	0.182469	5.61462
4.18461	4.30132	4.18461	4.30132
-0.637454	0.989155	-0.637454	0.989155
6.13316	2.07824	6.13316	2.07824
3.30951	-3.54286	3.30951	-3.54286
1.06465	2.67689	1.06465	2.67689
3.69198	1.8019	3.69198	1.8019
-0.864399	2.68395	-0.864399	2.68395
4.23805	0.310573	4.23805	0.310573
3.79761	1.76939	3.79761	1.76939
2.83378	4.85422	2.83378	4.85422
2.14169	-3.9696	2.14169	-3.9696
3.47946	2.78126	3.47946	2.78126
0.371068	0.727097	0.371068	0.727097
0.143023	4.43661	0.143023	4.43661
3.85541	1.82521	3.85541	1.82521
1.48039	5.65651	1.48039	5.65651
1.60114	5.3511	1.60114	5.3511
0.457553	4.98721	0.457553	4.98721
-1.89414	5.91832	-1.89414	5.91832
0.378788	-4.37227	0.378788	-4.37227
3.92265	0.28455	3.92265	0.28455
3.41133	3.23674	3.41133	3.23674
1.60551	2.05473	1.60551	2.05473
3.99621	1.21814	3.99621	1.21814
3.36368	3.82554	3.36368	3.82554
1.43188	0.0824246	1.43188	0.0824246
4.18602	0.977344	4.18602	0.977344
4.86062	0.202048	4.86062	0.202048
3.95316	0.52717	3.95316	0.52717
0.622045	2.97898	0.622045	2.97898
2.63932	6.0441	2.63932	6.0441
2.56084	3.17745	2.56084	3.17745
5.3927	-1.87731	5.3927	-1.87731
2.13506	3.49579	2.13506	3.49579
4.32011	-0.147585	4.32011	-0.147585
3.33022	3.5915	3.33022	3.5915
2.90221	3.46342	2.90221	3.46342
3.22039	3.61411	3.22039	3.61411
-0.168842	2.39294	-0.168842	2.39294
0.696474	-0.963792	0.696474	-0.963792
0.297846	5.0037	0.297846	5.0037
1.79661	-2.07817	1.79661	-2.07817
3.7048	2.81849	3.7048	2.81849
2.1216	5.41558	2.1216	5.41558
5.0573	-0.0180287	5.0573	-0.0180287
7.08674	0.847727	7.08674	0.847727
3.71462	2.59047	3.71462	2.59047
3.64588	2.57358	3.64588	2.57358
3.37554	1.82746	3.37554	1.82746
3.39269	2.92447	3.39269	2.92447
6.25076	1.97561	6.25076	1.97561
4.09043	4.32248	4.09043	4.32248
0.406227	5.45115	0.406227	5.45115
2.36075	3.3203	2.36075	3.3203
-3.60007	4.79404	-3.60007	4.79404
3.56293	2.32322	3.56293	2.32322
1.44738	-3.39337	1.44738	-3.39337
1.78653	4.93167	1.78653	4.93167
3.36407	2.16676	3.36407	2.16676
3.41736	0.207162	3.41736	0.207162
3.12612	3.09353	3.12612	3.09353
0.525229	2.67246	0.525229	2.67246
-2.44046	1.66026	-2.44046	1.66026
0.541685	-3.83726	0.541685	-3.83726
4.13939	3.15662	4.13939	3.15662
3.88011	-2.97893	3.88011	-2.97893
4.4363	-0.612787	4.4363	-0.612787
3.29262	-1.19252	3.29262	-1.19252
3.24028	2.53455	3.24028	2.53455
0.026782	4.03576	0.026782	4.03576
-3.6463	4.44248	-3.6463	4.44248
4.85752	6.46918	4.85752	6.46918
4.64721	0.471793	4.64721	0.471793
3.97316	0.586773	3.97316	0.586773
3.81615	2.9697	3.81615	2.9697
0.781363	0.898504	0.781363	0.898504
-0.0657172	-6.25056	-0.0657172	-6.25056
3.09441	0.436957	3.09441	0.436957
0.234564	-2.05269	0.234564	-2.05269
2.41318	-5.0102	2.41318	-5.0102
3.03394	3.64028	3.03394	3.64028
4.04776	1.10589	4.04776	1.10589
4.95722	-0.73614	4.95722	-0.73614
1.65753	4.15736	1.65753	4.15736
-0.526202	-4.25125	-0.526202	-4.25125
3.84504	1.04538	3.84504	1.04538
3.2026	0.955582	3.2026	0.955582
2.0442	4.022	2.0442	4.022
5.23816	0.632519	5.23816	0.632519
5.36874	4.30025	5.36874	4.30025
1.75048	3.19482	1.75048	3.19482
4.68355	3.10898	4.68355	3.10898
1.88432	-1.65865	1.88432	-1.65865
-1.96355	-1.18997	-1.96355	-1.18997
4.17519	-0.81618	4.17519	-0.81618
4.32156	-1.5277	4.32156	-1.5277
1.9139	2.90516	1.9139	2.90516
2.59212	3.64105	2.59212	3.64105
4.04444	0.6222	4.04444	0.6222
3.76343	7.61651	3.76343	7.61651
4.84529	0.73473	4.84529	0.73473
0.243352	4.81445	0.243352	4.81445
4.37633	4.68637	4.37633	4.68637
1.36983	0.187297	1.36983	0.187297
-0.842933	-5.90334	-0.842933	-5.90334
2.12999	4.04488	2.12999	4.04488
2.98732	3.84502	2.98732	3.84502
3.44782	2.70008	3.44782	2.70008
3.84009	1.47259	3.84009	1.47259
3.48814	-3.80249	3.48814	-3.80249
3.58664	0.0825386	3.58664	0.0825386
1.29299	2.1439	1.29299	2.1439
4.34463	2.23204	4.34463	2.23204
7.67199	0.0288459	7.67199	0.0288459
3.20955	0.58284	3.20955	0.58284
4.78319	0.807883	4.78319	0.807883
1.1526	4.91936	1.1526	4.91936
2.4263	3.46435	2.4263	3.46435
5.49195	-2.34234	5.49195	-2.34234
2.74474	3.15061	2.74474	3.15061
2.98376	2.01395	2.98376	2.01395
3.91978	2.01856	3.91978	2.01856
4.32144	0.843987	4.32144	0.843987
0.870875	-3.35815	0.870875	-3.35815
4.45079	-0.475079	4.45079	-0.475079
4.12151	0.407075	4.12151	0.407075
4.50152	-0.523872	4.50152	-0.523872
4.37155	2.4013	4.37155	2.4013
4.29959	2.31594	4.29959	2.31594
3.91055	0.771891	3.91055	0.771891
0.659112	5.34606	0.659112	5.34606
2.86783	3.00563	2.86783	3.00563
-0.598353	-1.75797	-0.598353	-1.75797
3.99184	2.48522	3.99184	2.48522
-4.26504	-5.65626	-4.26504	-5.65626
-0.159374	-0.0621014	-0.159374	-0.0621014
2.67429	4.80753	2.67429	4.80753
2.70539	2.60498	2.70539	2.60498
2.08499	-2.82516	2.08499	-2.82516
3.34109	3.4747	3.34109	3.4747
-0.338701	-1.80418	-0.338701	-1.80418
1.91661	-0.843652	1.91661	-0.843652
3.73989	2.91147	3.73989	2.91147
4.57922	0.0590914	4.57922	0.0590914
2.44619	3.60744	2.44619	3.60744
3.96377	1.7851	3.96377	1.7851
5.46131	0.0929094	5.46131	0.0929094
0.399633	5.02815	0.399633	5.02815
4.00941	3.25014	4.00941	3.25014
3.06543	5.3556	3.06543	5.3556
2.57012	0.312156	2.57012	0.312156
-0.344754	-5.20187	-0.344754	-5.20187
2.77094	5.18145	2.77094	5.18145
-0.326064	5.45787	-0.326064	5.45787
2.79531	-1.78443	2.79531	-1.78443
3.70144	-0.700182	3.70144	-0.700182
3.94799	-0.74688	3.94799	-0.74688
0.684684	4.54557	0.684684	4.54557
4.49335	2.25157	4.49335	2.25157
1.59417	6.1807	1.59417	6.1807
6.00863	2.18211	6.00863	2.18211
-1.02834	1.86599	-1.02834	1.86599
4.11237	0.320193	4.11237	0.320193
5.71823	-1.33795	5.71823	-1.33795
3.47284	2.47145	3.47284	2.47145
-0.495174	0.958971	-0.495174	0.958971
4.22749	-0.353909	4.22749	-0.353909
0.833574	3.30756	0.833574	3.30756
2.36089	-5.13972	2.36089	-5.13972
3.27539	-0.605765	3.27539	-0.605765
2.2711	3.60251	2.2711	3.60251
4.13321	1.63548	4.13321	1.63548
0.925798	2.56716	0.925798	2.56716
1.82528	3.3947	1.82528	3.3947
0.727878	-1.46299	0.727878	-1.46299
-2.70702	5.63289	-2.70702	5.63289
4.3702	-0.348614	4.3702	-0.348614
1.28485	0.785252	1.28485	0.785252
2.90901	3.9072	2.90901	3.9072
3.84778	2.55202	3.84778	2.55202
3.77002	3.08501	3.77002	3.08501
1.49532	4.68654	1.49532	4.68654
3.94059	0.459506	3.94059	0.459506
5.52329	2.04241	5.52329	2.04241
4.85314	0.463229	4.85314	0.463229
0.922677	-2.44507	0.922677	-2.44507
3.40528	1.79616	3.40528	1.79616
2.80428	-3.83678	2.80428	-3.83678
-3.44807	-0.349549	-3.44807	-0.349549
3.06117	-3.82649	3.06117	-3.82649
3.82846	3.99016	3.82846	3.99016
2.68038	6.62223	2.68038	6.62223
3.03698	3.70836	3.03698	3.70836
2.6018	5.39464	2.6018	5.39464
2.20633	-4.57768	2.20633	-4.57768
3.17693	3.56047	3.17693	3.56047
5.49371	1.95816	5.49371	1.95816
3.62309	1.57464	3.62309	1.57464
5.33506	-2.07078	5.33506	-2.07078
3.11342	2.46449	3.11342	2.46449
2.06551	5.90194	2.06551	5.90194
0.468172	5.47541	0.468172	5.47541
2.19309	-5.21678	2.19309	-5.21678
3.66709	0.194649	3.66709	0.194649
3.2496	3.89824	3.2496	3.89824
5.52251	2.23263	5.52251	2.23263
0.895477	4.52148	0.895477	4.52148
4.06497	0.162477	4.06497	0.162477
4.48713	1.35306	4.48713	1.35306
2.85545	0.55521	2.85545	0.55521
3.64428	0.0306659	3.64428	0.0306659
4.65318	4.7378	4.65318	4.7378
4.1292	-2.36429	4.1292	-2.36429
4.24999	-0.316151	4.24999	-0.316151
5.05616	3.35474	5.05616	3.35474
1.85894	3.98	1.85894	3.98
2.08088	4.53841	2.08088	4.53841
3.32289	3.45839	3.32289	3.45839
2.21718	1.29197	2.21718	1.29197
-0.0046792	4.36102	-0.0046792	4.36102
4.40036	2.15527	4.40036	2.15527
2.82254	3.27601	2.82254	3.27601
2.48857	1.03068	2.48857	1.03068
2.12838	3.65016	2.12838	3.65016
-0.852408	-0.56361	-0.852408	-0.56361
2.49468	3.54041	2.49468	3.54041
1.6365	4.95982	1.6365	4.95982
3.04766	4.07395	3.04766	4.07395
1.10702	-0.806376	1.10702	-0.806376
2.66835	3.81123	2.66835	3.81123
1.74408	-2.57732	1.74408	-2.57732
0.868481	0.812399	0.868481	0.812399
0.0092659	3.22481	0.0092659	3.22481
3.61842	1.80537	3.61842	1.80537
0.611213	4.86483	0.611213	4.86483
3.64908	1.97761	3.64908	1.97761
5.64454	-0.345245	5.64454	-0.345245
3.60499	4.04172	3.60499	4.04172
0.515974	-1.81963	0.515974	-1.81963
1.35288	1.29063	1.35288	1.29063
2.40141	-1.4262	2.40141	-1.4262
1.54726	4.48379	1.54726	4.48379
4.19053	1.19962	4.19053	1.19962
2.66675	-3.21395	2.66675	-3.21395
0.922128	-1.19907	0.922128	-1.19907
1.73549	4.54151	1.73549	4.54151
3.09144	-0.572015	3.09144	-0.572015
0.626342	0.150585	0.626342	0.150585
4.50955	2.04382	4.50955	2.04382
4.18173	2.02582	4.18173	2.02582
4.6814	2.65126	4.6814	2.65126
5.89816	-0.678662	5.89816	-0.678662
3.05324	1.11203	3.05324	1.11203
3.55601	2.51243	3.55601	2.51243
5.1181	1.64819	5.1181	1.64819
1.4672	6.46376	1.4672	6.46376
3.66811	6.05451	3.66811	6.05451
-2.14868	-1.16349	-2.14868	-1.16349
2.79282	-1.04597	2.79282	-1.04597
4.5537	-1.40064	4.5537	-1.40064
5.41339	2.16893	5.41339	2.16893
0.499566	1.43957	0.499566	1.43957
2.81425	3.55828	2.81425	3.55828
-4.62421	-2.5491	-4.62421	-2.5491
4.53609	-2.89526	4.53609	-2.89526
2.58368	1.87887	2.58368	1.87887
5.12905	2.63018	5.12905	2.63018
0.346303	2.02516	0.346303	2.02516
2.84836	3.75304	2.84836	3.75304
-5.58021	-1.49502	-5.58021	-1.49502
1.62437	4.77137	1.62437	4.77137
4.02918	0.578916	4.02918	0.578916
0.746235	4.1008	0.746235	4.1008
2.85217	-2.88863	2.85217	-2.88863
3.79707	-0.990685	3.79707	-0.990685
2.58744	-0.372178	2.58744	-0.372178
4.32562	2.58736	4.32562	2.58736
4.93219	-1.58772	4.93219	-1.58772
0.0273519	1.53311	0.0273519	1.53311
2.75511	-2.16326	2.75511	-2.16326
-1.59909	-4.33594	-1.59909	-4.33594
1.8893	4.76625	1.8893	4.76625
5.20957	1.33362	5.20957	1.33362
0.992546	5.16969	0.992546	5.16969
0.3287	5.18516	0.3287	5.18516
2.56879	0.953817	2.56879	0.953817
0.513859	-4.70434	0.513859	-4.70434
4.32243	0.116595	4.32243	0.116595
2.53976	4.62925	2.53976	4.62925
3.64929	1.41975	3.64929	1.41975
3.91905	3.1902	3.91905	3.1902
1.39514	4.1686	1.39514	4.1686
0.310146	-4.90211	0.310146	-4.90211
5.12428	2.93012	5.12428	2.93012
4.09609	1.92315	4.09609	1.92315
3.26953	-0.0306463	3.26953	-0.0306463
2.93604	4.10969	2.93604	4.10969
4.43588	2.96341	4.43588	2.96341
-1.54591	6.86086	-1.54591	6.86086
2.83922	-3.72221	2.83922	-3.72221
3.1004	4.71019	3.1004	4.71019
3.96637	1.19672	3.96637	1.19672
7.83743	0.392847	7.83743	0.392847
3.74131	-3.89217	3.74131	-3.89217
7.13309	-1.50107	7.13309	-1.50107
4.24564	-1.6198	4.24564	-1.6198
1.9605	3.96307	1.9605	3.96307
1.67591	-1.71633	1.67591	-1.71633
3.92074	-3.25286	3.92074	-3.25286
3.92382	2.92307	3.92382	2.92307
1.46806	4.47761	1.46806	4.47761
2.29455	3.65632	2.29455	3.65632
5.68726	-3.88066	5.68726	-3.88066
3.38141	3.87751	3.38141	3.87751
-1.6912	4.41432	-1.6912	4.41432
3.70333	2.69178	3.70333	2.69178
-3.84157	3.46045	-3.84157	3.46045
3.11049	3.28717	3.11049	3.28717
2.86205	3.00687	2.86205	3.00687
4.24401	1.52529	4.24401	1.52529
3.03111	2.74662	3.03111	2.74662
4.07368	-1.11953	4.07368	-1.11953
4.3349	2.15622	4.3349	2.15622
3.85327	1.23024	3.85327	1.23024
2.61129	2.8874	2.61129	2.8874
2.69128	5.27356	2.69128	5.27356
4.67705	-0.389054	4.67705	-0.389054
-0.285676	1.56579	-0.285676	1.56579
4.48392	2.41424	4.48392	2.41424
3.08136	3.60255	3.08136	3.60255
2.42693	1.89266	2.42693	1.89266
-0.160032	5.92069	-0.160032	5.92069
-0.748301	2.20921	-0.748301	2.20921
4.88679	0.0644473	4.88679	0.0644473
3.7572	2.24757	3.7572	2.24757
3.99887	2.04885	3.99887	2.04885
1.7006	5.10762	1.7006	5.10762
-0.775875	3.78092	-0.775875	3.78092
3.89952	0.700464	3.89952	0.700464
1.59387	5.02755	1.59387	5.02755
1.64774	1.38806	1.64774	1.38806
0.310332	6.60691	0.310332	6.60691
1.2891	-1.47468	1.2891	-1.47468
0.833613	8.83267	0.833613	8.83267
1.4083	1.65075	1.4083	1.65075
2.64569	3.46944	2.64569	3.46944
3.31094	-2.73717	3.31094	-2.73717
-1.49845	5.82727	-1.49845	5.82727
1.79474	2.63884	1.79474	2.63884
2.48999	0.751037	2.48999	0.751037
4.3025	2.47055	4.3025	2.47055
3.29348	-0.658746	3.29348	-0.658746
1.4675	5.31229	1.4675	5.31229
5.9055	3.25348	5.9055	3.25348
2.38647	-4.47184	2.38647	-4.47184
2.33982	0.90952	2.33982	0.90952
5.41037	0.601656	5.41037	0.601656
4.04277	0.411978	4.04277	0.411978
3.13884	3.72441	3.13884	3.72441
1.97166	2.39303	1.97166	2.39303
4.04204	0.219431	4.04204	0.219431
4.0423	1.2459	4.0423	1.2459
4.17833	1.99048	4.17833	1.99048
-1.53931	-0.611548	-1.53931	-0.611548
1.27229	3.82125	1.27229	3.82125
-0.383001	0.502494	-0.383001	0.502494
3.18754	4.72982	3.18754	4.72982
3.00233	2.62866	3.00233	2.62866
3.54032	4.12752	3.54032	4.12752
4.61216	1.71783	4.61216	1.71783
4.56627	1.10007	4.56627	1.10007
2.14042	0.231768	2.14042	0.231768
1.5535	4.69757	1.5535	4.69757
2.34552	2.38618	2.34552	2.38618
0.17261	-5.29189	0.17261	-5.29189
-6.60341	5.04462	-6.60341	5.04462
2.07382	3.66751	2.07382	3.66751
-0.482455	4.32022	-0.482455	4.32022
2.40213	4.4915	2.40213	4.4915
1.59821	-0.783884	1.59821	-0.783884
4.14353	0.665938	4.14353	0.665938
5.12172	0.130313	5.12172	0.130313
2.93859	-2.61391	2.93859	-2.61391
2.64648	4.76473	2.64648	4.76473
0.946279	-5.20861	0.946279	-5.20861
2.39909	4.78711	2.39909	4.78711
2.03966	4.99792	2.03966	4.99792
3.65055	1.46447	3.65055	1.46447
-1.7173	3.8058	-1.7173	3.8058
-3.87066	2.57839	-3.87066	2.57839
4.06292	-1.87826	4.06292	-1.87826
0.0952344	0.289121	0.0952344	0.289121
4.13078	3.57271	4.13078	3.57271
2.17028	-3.21936	2.17028	-3.21936
0.803526	2.98167	0.803526	2.98167
1.74275	2.82827	1.74275	2.82827
-4.08798	5.14729	-4.08798	5.14729
5.22323	0.800654	5.22323	0.800654
1.4114	4.55695	1.4114	4.55695
4.82513	-0.911103	4.82513	-0.911103
4.64724	1.75943	4.64724	1.75943
4.05437	0.0269176	4.05437	0.0269176
1.02624	1.03277	1.02624	1.03277
3.15181	3.45502	3.15181	3.45502
3.42576	0.508465	3.42576	0.508465
5.44776	0.61193	5.44776	0.61193
-0.505281	0.549782	-0.505281	0.549782
2.70452	3.09664	2.70452	3.09664
3.21811	3.18742	3.21811	3.18742
5.02455	2.32557	5.02455	2.32557
7.94415	1.81131	7.94415	1.81131
4.5148	-0.143047	4.5148	-0.143047
2.06687	5.6197	2.06687	5.6197
5.7155	-0.906667	5.7155	-0.906667
1.66209	-5.4076	1.66209	-5.4076
2.93034	-2.38563	2.93034	-2.38563
5.14162	1.78862	5.14162	1.78862
3.39156	2.44274	3.39156	2.44274
-4.28652	-1.07812	-4.28652	-1.07812
0.0155182	0.928806	0.0155182	0.928806
3.53964	2.77164	3.53964	2.77164
1.10126	3.21265	1.10126	3.21265
4.21596	2.63338	4.21596	2.63338
6.59304	-0.583868	6.59304	-0.583868
1.35871	4.39876	1.35871	4.39876
2.2873	-0.716511	2.2873	-0.716511
4.02615	2.58221	4.02615	2.58221
3.97063	-1.78302	3.97063	-1.78302
0.827302	-1.64492	0.827302	-1.64492
2.00738	3.13484	2.00738	3.13484
3.69473	2.33675	3.69473	2.33675
2.17762	5.83983	2.17762	5.83983
-0.368854	4.00952	-0.368854	4.00952
0.750122	4.96181	0.750122	4.96181
2.26419	3.03515	2.26419	3.03515
3.93729	1.96098	3.93729	1.96098
1.91832	2.85643	1.91832	2.85643
3.68073	4.94779	3.68073	4.94779
3.65153	1.39781	3.65153	1.39781
5.04995	1.36946	5.04995	1.36946
1.70196	4.09734	1.70196	4.09734
-0.313064	-4.55642	-0.313064	-4.55642
1.88446	4.37614	1.88446	4.37614
2.17485	3.15528	2.17485	3.15528
3.85675	4.00347	3.85675	4.00347
3.95922	1.70333	3.95922	1.70333
0.878808	0.461555	0.878808	0.461555
2.99439	2.03575	2.99439	2.03575
4.43907	0.961798	4.43907	0.961798
-0.0688748	4.10669	-0.0688748	4.10669
4.03915	-0.0133423	4.03915	-0.0133423
3.23832	2.17611	3.23832	2.17611
2.53555	2.29853	2.53555	2.29853
3.98762	3.8965	3.98762	3.8965
1.8412	-3.18699	1.8412	-3.18699
3.25288	3.6471	3.25288	3.6471
-4.03874	-2.8197	-4.03874	-2.8197
4.15977	4.03905	4.15977	4.03905
4.43565	0.550874	4.43565	0.550874
-0.0498028	-0.34968	-0.0498028	-0.34968
5.61849	3.79514	5.61849	3.79514
2.17751	-4.65325	2.17751	-4.65325
5.81669	-1.58159	5.81669	-1.58159
3.27789	1.50865	3.27789	1.50865
3.13398	0.22561	3.13398	0.22561
-4.42731	3.05765	-4.42731	3.05765
3.61582	-3.33246	3.61582	-3.33246
-0.463785	-0.415776	-0.463785	-0.415776
1.4921	2.4037	1.4921	2.4037
2.50518	5.67051	2.50518	5.67051
0.559297	4.94549	0.559297	4.94549
4.26613	-0.610024	4.26613	-0.610024
1.19614	1.61911	1.19614	1.61911
2.88601	4.88421	2.88601	4.88421
5.89856	1.09137	5.89856	1.09137
3.53642	-1.2752	3.53642	-1.2752
2.43535	5.11643	2.43535	5.11643
4.10459	2.16152	4.10459	2.16152
-0.237276	-5.02819	-0.237276	-5.02819
5.19989	2.80739	5.19989	2.80739
2.79817	-2.94473	2.79817	-2.94473
2.81158	-0.705988	2.81158	-0.705988
5.39272	2.19036	5.39272	2.19036
4.54414	1.60058	4.54414	1.60058
3.11064	3.17956	3.11064	3.17956
6.3048	-0.903855	6.3048	-0.903855
4.26622	-0.67702	4.26622	-0.67702
0.0288935	-0.619058	0.0288935	-0.619058
2.5351	-6.05507	2.5351	-6.05507
2.1748	5.70475	2.1748	5.70475
3.36511	2.80862	3.36511	2.80862
5.57619	1.0396	5.57619	1.0396
3.83557	1.12842	3.83557	1.12842
2.69065	-1.33006	2.69065	-1.33006
3.90478	-2.11471	3.90478	-2.11471
2.7044	3.72781	2.7044	3.72781
0.874575	4.80594	0.874575	4.80594
4.35005	2.64226	4.35005	2.64226
3.99381	4.28708	3.99381	4.28708
0.698246	4.69958	0.698246	4.69958
2.99563	2.79667	2.99563	2.79667
3.18417	2.14177	3.18417	2.14177
3.15905	-3.01066	3.15905	-3.01066
-3.73734	3.89248	-3.73734	3.89248
4.81385	1.6448	4.81385	1.6448
1.01583	5.50629	1.01583	5.50629
1.73569	6.00423	1.73569	6.00423
2.90214	5.58315	2.90214	5.58315
3.07954	3.87112	3.07954	3.87112
3.31328	2.27974	3.31328	2.27974
5.07873	-2.58422	5.07873	-2.58422
3.73924	2.54168	3.73924	2.54168
2.09133	2.51128	2.09133	2.51128
5.52181	2.71564	5.52181	2.71564
3.47553	-1.22429	3.47553	-1.22429
5.88859	0.109115	5.88859	0.109115
2.69418	3.01022	2.69418	3.01022
3.64138	2.69803	3.64138	2.69803
4.81037	-2.20395	4.81037	-2.20395
3.83666	0.921329	3.83666	0.921329
5.28733	-1.34921	5.28733	-1.34921
1.0863	3.44177	1.0863	3.44177
3.22155	3.99556	3.22155	3.99556
3.05969	2.50473	3.05969	2.50473
3.48236	2.96396	3.48236	2.96396
3.29324	3.53656	3.29324	3.53656
4.49731	1.7177	4.49731	1.7177
1.24729	0.813717	1.24729	0.813717
2.23551	3.68973	2.23551	3.68973
2.31164	1.71202	2.31164	1.71202
-3.62158	-5.86908	-3.62158	-5.86908
2.79416	4.975	2.79416	4.975
2.9925	3.33405	2.9925	3.33405
4.32217	1.96022	4.32217	1.96022
4.82452	2.64484	4.82452	2.64484
0.951939	4.85025	0.951939	4.85025
0.75278	-4.60907	0.75278	-4.60907
-0.178844	-3.33598	-0.178844	-3.33598
4.11108	2.62445	4.11108	2.62445
5.5503	1.1223	5.5503	1.1223
4.82505	-1.29852	4.82505	-1.29852
2.10018	0.0419183	2.10018	0.0419183
5.60026	1.01877	5.60026	1.01877
2.57921	5.03552	2.57921	5.03552
2.98496	3.76653	2.98496	3.76653
-4.68522	-0.660193	-4.68522	-0.660193
1.63731	4.45746	1.63731	4.45746
3.58395	1.57192	3.58395	1.57192
4.13697	-1.45906	4.13697	-1.45906
2.67275	3.74053	2.67275	3.74053
-0.509391	-3.49109	-0.509391	-3.49109
0.668414	6.16429	0.668414	6.16429
3.42475	2.35987	3.42475	2.35987
2.79519	-1.2625	2.79519	-1.2625
4.33825	-2.44656	4.33825	-2.44656
5.1081	2.54723	5.1081	2.54723
1.62879	3.41107	1.62879	3.41107
4.80614	2.24811	4.80614	2.24811
3.6965	1.96576	3.6965	1.96576
2.16473	3.98938	2.16473	3.98938
1.65025	-2.15161	1.65025	-2.15161
2.73662	3.64579	2.73662	3.64579
1.0922	-2.88618	1.0922	-2.88618
3.48744	1.75056	3.48744	1.75056
5.42516	-0.592702	5.42516	-0.592702
5.76124	-0.36389	5.76124	-0.36389
5.8115	3.37492	5.8115	3.37492
0.0637441	-4.22084	0.0637441	-4.22084
5.73429	2.83133	5.73429	2.83133
4.23132	1.62354	4.23132	1.62354
2.89215	3.91922	2.89215	3.91922
2.25847	4.27423	2.25847	4.27423
1.64086	3.37228	1.64086	3.37228
-3.87493	2.70787	-3.87493	2.70787
4.70974	-0.254199	4.70974	-0.254199
3.70208	4.07125	3.70208	4.07125
2.53599	0.0688586	2.53599	0.0688586
3.06999	-0.40029	3.06999	-0.40029
1.64554	4.18007	1.64554	4.18007
0.867298	5.61124	0.867298	5.61124
4.08576	-1.11542	4.08576	-1.11542
3.5122	3.81454	3.5122	3.81454
2.85595	2.69598	2.85595	2.69598
2.02586	5.45477	2.02586	5.45477
-3.29344	-5.29249	-3.29344	-5.29249
2.54144	3.37588	2.54144	3.37588
-0.269767	3.0579	-0.269767	3.0579
4.23629	2.08293	4.23629	2.08293
3.0559	2.74952	3.0559	2.74952
1.8997	0.957409	1.8997	0.957409
4.77731	2.39321	4.77731	2.39321
3.68719	3.60296	3.68719	3.60296
3.18865	0.236694	3.18865	0.236694
-5.67385	0.518851	-5.67385	0.518851
-4.44419	5.59807	-4.44419	5.59807
3.15838	1.77573	3.15838	1.77573
1.66718	-0.0406141	1.66718	-0.0406141
-0.732557	5.54406	-0.732557	5.54406
2.19459	3.91706	2.19459	3.91706
6.22476	-0.179929	6.22476	-0.179929
4.28899	-0.16399	4.28899	-0.16399
4.57087	1.34814	4.57087	1.34814
2.34364	3.43962	2.34364	3.43962
4.44752	2.38082	4.44752	2.38082
5.1032	1.94778	5.1032	1.94778
2.2136	-3.05811	2.2136	-3.05811
3.60431	3.22908	3.60431	3.22908
5.93955	0.143036	5.93955	0.143036
2.75288	3.28004	2.75288	3.28004
3.0783	5.38996	3.0783	5.38996
1.40636	6.73105	1.40636	6.73105
5.55704	2.6808	5.55704	2.6808
3.16248	1.25974	3.16248	1.25974
-4.27093	-2.10838	-4.27093	-2.10838
2.89746	3.06466	2.89746	3.06466
3.47113	2.72125	3.47113	2.72125
3.95248	2.43153	3.95248	2.43153
2.2144	-0.462671	2.2144	-0.462671
-3.00927	-0.922599	-3.00927	-0.922599
-0.0958309	-2.61651	-0.0958309	-2.61651
4.7026	1.61489	4.7026	1.61489
1.00239	4.76347	1.00239	4.76347
0.862421	4.33164	0.862421	4.33164
4.17755	1.46068	4.17755	1.46068
3.49138	3.56437	3.49138	3.56437
2.26282	3.79173	2.26282	3.79173
4.17936	0.356654	4.17936	0.356654
0.860704	1.31781	0.860704	1.31781
4.7021	1.51369	4.7021	1.51369
2.09682	3.57186	2.09682	3.57186
4.854	0.230258	4.854	0.230258
6.00446	5.72637	6.00446	5.72637
2.91745	-1.04113	2.91745	-1.04113
0.773918	5.02719	0.773918	5.02719
0.00844777	5.14938	0.00844777	5.14938
5.34139	-0.563679	5.34139	-0.563679
3.81423	2.87036	3.81423	2.87036
3.51435	3.36584	3.51435	3.36584
-3.14318	-2.76051	-3.14318	-2.76051
4.27454	1.91801	4.27454	1.91801
1.99529	6.28608	1.99529	6.28608
4.6318	0.624008	4.6318	0.624008
-1.01184	2.53022	-1.01184	2.53022
4.69841	1.57552	4.69841	1.57552
1.00193	-1.09662	1.00193	-1.09662
4.15259	1.38862	4.15259	1.38862
4.01527	3.10681	4.01527	3.10681
4.37116	0.304852	4.37116	0.304852
1.77466	4.61931	1.77466	4.61931
1.35844	-4.79278	1.35844	-4.79278
2.53812	4.63536	2.53812	4.63536
0.871888	4.50759	0.871888	4.50759
0.029644	-3.21272	0.029644	-3.21272
1.78925	0.731849	1.78925	0.731849
4.47132	1.95953	4.47132	1.95953
3.52265	3.07447	3.52265	3.07447
6.11754	1.00243	6.11754	1.00243
1.76336	-2.99891	1.76336	-2.99891
0.0266924	-1.63345	0.0266924	-1.63345
0.653983	-1.32601	0.653983	-1.32601
3.84098	3.36042	3.84098	3.36042
-2.60339	5.35419	-2.60339	5.35419
3.86251	3.52769	3.86251	3.52769
2.91567	-2.10635	2.91567	-2.10635
7.77789	0.106618	7.77789	0.106618
2.80323	3.31099	2.80323	3.31099
0.663009	-2.27165	0.663009	-2.27165
5.89138	-0.958548	5.89138	-0.958548
4.14732	0.848654	4.14732	0.848654
1.39234	4.45805	1.39234	4.45805
1.32853	2.87434	1.32853	2.87434
3.69173	1.8778	3.69173	1.8778
3.31744	-2.09147	3.31744	-2.09147
1.75135	4.19969	1.75135	4.19969
2.35253	3.56921	2.35253	3.56921
1.64845	1.63106	1.64845	1.63106
6.16779	3.09365	6.16779	3.09365
4.33055	1.0933	4.33055	1.0933
4.22669	3.60293	4.22669	3.60293
3.73516	0.264955	3.73516	0.264955
1.45818	3.56775	1.45818	3.56775
5.74822	2.54274	5.74822	2.54274
3.81172	-1.78721	3.81172	-1.78721
3.90713	3.29679	3.90713	3.29679
3.92327	1.16253	3.92327	1.16253
3.22294	1.13202	3.22294	1.13202
1.37303	4.45632	1.37303	4.45632
2.02106	4.76411	2.02106	4.76411
3.8683	1.47754	3.8683	1.47754
0.54516	1.16062	0.54516	1.16062
1.95696	4.28634	1.95696	4.28634
3.30171	3.52068	3.30171	3.52068
3.24661	3.35733	3.24661	3.35733
4.2087	0.298714	4.2087	0.298714
4.1616	-2.38242	4.1616	-2.38242
4.34117	4.96839	4.34117	4.96839
0.492757	-0.0678811	0.492757	-0.0678811
0.697439	5.0819	0.697439	5.0819
4.00908	3.03174	4.00908	3.03174
4.47217	1.00381	4.47217	1.00381
3.80454	2.95524	3.80454	2.95524
1.30142	4.41089	1.30142	4.41089
3.63712	1.67052	3.63712	1.67052
4.19208	2.74721	4.19208	2.74721
2.4847	4.00433	2.4847	4.00433
5.30352	0.599935	5.30352	0.599935
2.21246	0.783106	2.21246	0.783106
1.73969	-1.66842	1.73969	-1.66842
3.46348	2.94722	3.46348	2.94722
1.18335	-3.02485	1.18335	-3.02485
2.47166	3.17346	2.47166	3.17346
3.86241	5.45931	3.86241	5.45931
3.4747	3.19769	3.4747	3.19769
1.50868	-5.34718	1.50868	-5.34718
2.87186	4.66886	2.87186	4.66886
2.3409	3.83478	2.3409	3.83478
4.94799	0.941064	4.94799	0.941064
4.688	-1.04268	4.688	-1.04268
3.48724	2.6237	3.48724	2.6237
3.47914	2.97485	3.47914	2.97485
0.645244	-1.0856	0.645244	-1.0856
5.40838	3.09539	5.40838	3.09539
3.49477	3.55411	3.49477	3.55411
-0.475141	1.72904	-0.475141	1.72904
1.11871	4.5633	1.11871	4.5633
1.08844	0.357487	1.08844	0.357487
3.94744	-0.322954	3.94744	-0.322954
3.9105	4.07799	3.9105	4.07799
3.9149	1.80015	3.9149	1.80015
0.278468	4.57627	0.278468	4.57627
0.337454	5.31626	0.337454	5.31626
0.345012	0.174963	0.345012	0.174963
4.02412	1.40185	4.02412	1.40185
2.42593	3.04463	2.42593	3.04463
4.14014	0.637469	4.14014	0.637469
5.40009	-0.962431	5.40009	-0.962431
4.67987	0.129935	4.67987	0.129935
4.18492	-0.691547	4.18492	-0.691547
-1.44214	3.57406	-1.44214	3.57406
5.35039	0.00861204	5.35039	0.00861204
5.2237	-2.20702	5.2237	-2.20702
2.23516	2.98585	2.23516	2.98585
4.94562	3.99898	4.94562	3.99898
2.60042	4.00277	2.60042	4.00277
2.29803	3.26202	2.29803	3.26202
4.51655	-0.821862	4.51655	-0.821862
4.91459	1.48484	4.91459	1.48484
3.68212	-3.32074	3.68212	-3.32074
-2.7733	-3.9498	-2.7733	-3.9498
6.1131	0.21144	6.1131	0.21144
4.90613	1.29719	4.90613	1.29719
3.77715	3.71254	3.77715	3.71254
2.96428	-1.06654	2.96428	-1.06654
1.31573	5.25423	1.31573	5.25423
0.76821	-2.82381	0.76821	-2.82381
5.31765	-0.375865	5.31765	-0.375865
-0.0632396	-4.45612	-0.0632396	-4.45612
3.12418	5.66044	3.12418	5.66044
2.9177	-1.18691	2.9177	-1.18691
4.54424	-1.72663	4.54424	-1.72663
-2.34215	-0.382163	-2.34215	-0.382163
-1.01175	-2.59609	-1.01175	-2.59609
1.32903	2.97395	1.32903	2.97395
2.43804	-1.19309	2.43804	-1.19309
2.05158	3.82848	2.05158	3.82848
-0.778817	1.14007	-0.778817	1.14007
-1.54002	2.01897	-1.54002	2.01897
4.7797	2.03922	4.7797	2.03922
1.85191	-2.43895	1.85191	-2.43895
5.36157	0.0246415	5.36157	0.0246415
1.77742	6.03787	1.77742	6.03787
6.13774	4.28006	6.13774	4.28006
2.78451	3.33659	2.78451	3.33659
3.06374	0.611366	3.06374	0.611366
4.172	0.517351	4.172	0.517351
0.80792	0.221679	0.80792	0.221679
4.0381	0.845819	4.0381	0.845819
4.18642	4.4812	4.18642	4.4812
2.4765	3.97818	2.4765	3.97818
2.48094	3.59127	2.48094	3.59127
0.443722	2.94954	0.443722	2.94954
4.40099	0.81564	4.40099	0.81564
2.48355	5.09132	2.48355	5.09132
0.0783539	-5.47979	0.0783539	-5.47979
0.818613	-2.47648	0.818613	-2.47648
4.64573	-1.47668	4.64573	-1.47668
3.72109	0.0698652	3.72109	0.0698652
2.33509	2.2405	2.33509	2.2405
3.59765	-1.18197	3.59765	-1.18197
-0.993402	5.01666	-0.993402	5.01666
0.383635	-2.43656	0.383635	-2.43656
2.88405	2.09509	2.88405	2.09509
0.255879	4.00281	0.255879	4.00281
4.6216	-0.216523	4.6216	-0.216523
-4.86124	4.06407	-4.86124	4.06407
5.19193	1.5908	5.19193	1.5908
2.93742	3.78791	2.93742	3.78791
0.336132	-1.25482	0.336132	-1.25482
3.80296	3.38899	3.80296	3.38899
3.25142	3.28412	3.25142	3.28412
5.95603	1.72986	5.95603	1.72986
-0.0365822	5.0168	-0.0365822	5.0168
3.86541	2.86832	3.86541	2.86832
2.30275	4.20531	2.30275	4.20531
2.0858	3.37449	2.0858	3.37449
3.575	2.13799	3.575	2.13799
-0.699192	-4.66146	-0.699192	-4.66146
3.15982	1.56943	3.15982	1.56943
1.38401	4.50458	1.38401	4.50458
4.36221	-0.882963	4.36221	-0.882963
0.763173	6.19864	0.763173	6.19864
1.92029	6.17137	1.92029	6.17137
5.55674	1.43725	5.55674	1.43725
-0.202467	4.84611	-0.202467	4.84611
-0.99154	1.23874	-0.99154	1.23874
1.42591	-2.16812	1.42591	-2.16812
1.56966	4.16112	1.56966	4.16112
-7.76463	3.98798	-7.76463	3.98798
4.69681	0.7212	4.69681	0.7212
2.01666	4.56974	2.01666	4.56974
5.96497	-0.0896087	5.96497	-0.0896087
-1.52485	5.08672	-1.52485	5.08672
3.80649	1.33474	3.80649	1.33474
-2.70934	-0.0317121	-2.70934	-0.0317121
3.03983	2.53605	3.03983	2.53605
4.51906	0.463838	4.51906	0.463838
0.7468	4.42452	0.7468	4.42452
2.16586	3.57898	2.16586	3.57898
4.5695	2.71668	4.5695	2.71668
2.07182	-4.47154	2.07182	-4.47154
-0.371756	2.9626	-0.371756	2.9626
3.24267	2.60624	3.24267	2.60624
3.25524	2.33056	3.25524	2.33056
3.84156	0.849404	3.84156	0.849404
2.86226	0.116892	2.86226	0.116892
2.25336	2.56048	2.25336	2.56048
2.041	3.71809	2.041	3.71809
1.84931	3.93969	1.84931	3.93969
3.12429	5.44526	3.12429	5.44526
4.60407	0.587137	4.60407	0.587137
4.50605	-0.681881	4.50605	-0.681881
1.32307	4.67317	1.32307	4.67317
1.64597	5.25224	1.64597	5.25224
2.36033	-1.18557	2.36033	-1.18557
-0.713098	2.40887	-0.713098	2.40887
-0.0533214	-0.804636	-0.0533214	-0.804636
0.58713	-1.98601	0.58713	-1.98601
2.07248	3.65456	2.07248	3.65456
3.83878	0.313874	3.83878	0.313874
1.19543	-4.74297	1.19543	-4.74297
3.39066	5.07081	3.39066	5.07081
-0.426512	2.62991	-0.426512	2.62991
3.34319	2.00492	3.34319	2.00492
3.61048	-1.64577	3.61048	-1.64577
4.78649	-1.18483	4.78649	-1.18483
3.03865	2.38445	3.03865	2.38445
3.023	3.24968	3.023	3.24968
2.60854	3.73485	2.60854	3.73485
4.16504	5.17294	4.16504	5.17294
1.57956	4.58189	1.57956	4.58189
3.33488	3.75293	3.33488	3.75293
0.609965	2.69318	0.609965	2.69318
3.44741	2.11297	3.44741	2.11297
3.2823	2.40201	3.2823	2.40201
1.41954	3.96224	1.41954	3.96224
3.99833	3.78967	3.99833	3.78967
1.0991	4.99531	1.0991	4.99531
4.87591	-1.64154	4.87591	-1.64154
3.84551	7.71419	3.84551	7.71419
1.64292	-0.656046	1.64292	-0.656046
-0.154106	5.51904	-0.154106	5.51904
3.19721	3.17363	3.19721	3.17363
-0.900285	1.42721	-0.900285	1.42721
-0.178264	5.31096	-0.178264	5.31096
3.00104	1.05515	3.00104	1.05515
2.95172	-1.05995	2.95172	-1.05995
4.88155	-2.48974	4.88155	-2.48974
2.73385	3.28454	2.73385	3.28454
1.0709	-5.59825	1.0709	-5.59825
4.53903	1.39961	4.53903	1.39961
3.37936	4.72942	3.37936	4.72942
1.11439	4.60251	1.11439	4.60251
2.85011	2.42826	2.85011	2.42826
5.02524	0.174143	5.02524	0.174143
-2.97344	-2.93754	-2.97344	-2.93754
-2.87229	-1.02365	-2.87229	-1.02365
2.08233	0.819464	2.08233	0.819464
4.07144	-0.0580704	4.07144	-0.0580704
-4.35364	5.42114	-4.35364	5.42114
4.97412	-1.11635	4.97412	-1.11635
4.40596	0.860314	4.40596	0.860314
0.356248	-1.16094	0.356248	-1.16094
-0.653985	1.99364	-0.653985	1.99364
5.28933	-0.355461	5.28933	-0.355461
3.1221	-1.00048	3.1221	-1.00048
3.63088	3.38354	3.63088	3.38354
3.04715	0.181505	3.04715	0.181505
2.65588	1.20956	2.65588	1.20956
3.87315	-2.01216	3.87315	-2.01216
5.80257	0.419398	5.80257	0.419398
-0.572238	4.8375	-0.572238	4.8375
4.50978	1.12886	4.50978	1.12886
0.827054	5.57808	0.827054	5.57808
3.85465	0.769334	3.85465	0.769334
4.26078	-0.358408	4.26078	-0.358408
0.145602	-5.2508	0.145602	-5.2508
5.28753	1.99416	5.28753	1.99416
2.3614	3.87321	2.3614	3.87321
2.82725	6.13474	2.82725	6.13474
4.94216	-1.41439	4.94216	-1.41439
5.01721	3.09343	5.01721	3.09343
5.01476	-1.35868	5.01476	-1.35868
0.15117	-4.36721	0.15117	-4.36721
1.69704	4.75259	1.69704	4.75259
1.23086	0.242433	1.23086	0.242433
-0.256908	1.45473	-0.256908	1.45473
-0.82956	-1.997	-0.82956	-1.997
1.6559	2.79445	1.6559	2.79445
-0.0888786	0.712523	-0.0888786	0.712523
4.49148	4.06383	4.49148	4.06383
4.52917	0.825881	4.52917	0.825881
2.27062	-2.16899	2.27062	-2.16899
1.52067	4.39997	1.52067	4.39997
3.83522	-3.16164	3.83522	-3.16164
5.14761	0.53012	5.14761	0.53012
3.0597	2.24701	3.0597	2.24701
6.22771	-0.894284	6.22771	-0.894284
4.38427	2.07819	4.38427	2.07819
4.7203	2.54519	4.7203	2.54519
2.75141	-1.32403	2.75141	-1.32403
0.58399	5.28972	0.58399	5.28972
3.66437	-1.4033	3.66437	-1.4033
3.63637	3.84026	3.63637	3.84026
4.5794	-0.23469	4.5794	-0.23469
4.06095	0.964513	4.06095	0.964513
6.32101	1.53724	6.32101	1.53724
1.41948	-3.27871	1.41948	-3.27871
3.43819	0.492455	3.43819	0.492455
-3.09435	8.25953	-3.09435	8.25953
4.77398	-2.1142	4.77398	-2.1142
3.83627	3.0922	3.83627	3.0922
5.28114	4.57472	5.28114	4.57472
0.232039	3.6574	0.232039	3.6574
-0.381053	-4.22284	-0.381053	-4.22284
2.65584	4.0073	2.65584	4.0073
1.22873	4.56826	1.22873	4.56826
4.90815	1.66483	4.90815	1.66483
4.05239	2.23511	4.05239	2.23511
1.43023	3.42684	1.43023	3.42684
2.38721	4.66358	2.38721	4.66358
5.45677	-4.06396	5.45677	-4.06396
4.44142	0.948823	4.44142	0.948823
4.06739	-0.278632	4.06739	-0.278632
3.45122	1.21102	3.45122	1.21102
2.72551	1.23871	2.72551	1.23871
2.51477	-0.856641	2.51477	-0.856641
2.10579	0.132691	2.10579	0.132691
0.684743	5.65058	0.684743	5.65058
2.55849	4.0885	2.55849	4.0885
3.99412	-0.106362	3.99412	-0.106362
1.86859	-1.54891	1.86859	-1.54891
3.74307	0.966289	3.74307	0.966289
3.37897	1.85337	3.37897	1.85337
3.03782	4.9708	3.03782	4.9708
-1.12678	-4.78445	-1.12678	-4.78445
-1.06687	-2.29666	-1.06687	-2.29666
5.35478	-1.52454	5.35478	-1.52454
5.58983	-2.05648	5.58983	-2.05648
6.11238	0.0883281	6.11238	0.0883281
0.263592	-6.75028	0.263592	-6.75028
3.72094	3.62064	3.72094	3.62064
-2.07202	2.19308	-2.07202	2.19308
0.267471	0.170347	0.267471	0.170347
-1.0236	5.81274	-1.0236	5.81274
-1.12228	4.82284	-1.12228	4.82284
-3.39101	2.51264	-3.39101	2.51264
4.41915	3.77274	4.41915	3.77274
0.0477314	1.16276	0.0477314	1.16276
2.67273	2.94905	2.67273	2.94905
3.1972	3.28651	3.1972	3.28651
3.99596	1.15001	3.99596	1.15001
0.67416	1.40921	0.67416	1.40921
4.14532	1.24245	4.14532	1.24245
2.40426	-0.280593	2.40426	-0.280593
0.812951	4.84346	0.812951	4.84346
3.91858	-0.162867	3.91858	-0.162867
3.82683	5.21802	3.82683	5.21802
1.58338	4.16713	1.58338	4.16713
3.4843	2.74863	3.4843	2.74863
1.85228	1.70406	1.85228	1.70406
2.08107	-3.10519	2.08107	-3.10519
1.92349	1.31499	1.92349	1.31499
2.28464	4.13405	2.28464	4.13405
5.96605	1.33699	5.96605	1.33699
5.42827	4.05536	5.42827	4.05536
5.43689	-0.214746	5.43689	-0.214746
3.88191	-2.8032	3.88191	-2.8032
-1.86407	5.04624	-1.86407	5.04624
2.42869	2.4173	2.42869	2.4173
3.59229	-3.12186	3.59229	-3.12186
-0.0397248	-0.275546	-0.0397248	-0.275546
2.79883	-1.32507	2.79883	-1.32507
-2.09914	0.242816	-2.09914	0.242816
-2.55047	3.63941	-2.55047	3.63941
5.49226	4.10366	5.49226	4.10366
3.48255	-0.221366	3.48255	-0.221366
1.63442	4.75231	1.63442	4.75231
-0.731663	2.90238	-0.731663	2.90238
1.77002	-2.5741	1.77002	-2.5741
4.00316	-0.845462	4.00316	-0.845462
0.694614	5.94528	0.694614	5.94528
-4.32752	1.632	-4.32752	1.632
4.54045	1.3477	4.54045	1.3477
4.45016	4.52905	4.45016	4.52905
1.69821	0.453491	1.69821	0.453491
-2.4163	-3.99858	-2.4163	-3.99858
3.62151	0.876662	3.62151	0.876662
3.90419	2.3138	3.90419	2.3138
2.16472	-1.71389	2.16472	-1.71389
2.54556	3.29392	2.54556	3.29392
2.25819	4.22171	2.25819	4.22171
-3.6146	-1.69307	-3.6146	-1.69307
3.79985	-2.27974	3.79985	-2.27974
4.86745	2.34561	4.86745	2.34561
-0.264614	-4.81895	-0.264614	-4.81895
5.19163	-2.68339	5.19163	-2.68339
2.48028	-1.92042	2.48028	-1.92042
5.77991	2.03731	5.77991	2.03731
5.19468	-0.0230842	5.19468	-0.0230842
3.5054	1.03081	3.5054	1.03081
-2.29115	5.40673	-2.29115	5.40673
-0.344954	0.952126	-0.344954	0.952126
3.38923	3.30326	3.38923	3.30326
1.55055	1.60203	1.55055	1.60203
3.14759	2.32693	3.14759	2.32693
4.15009	3.26683	4.15009	3.26683
1.20644	1.94378	1.20644	1.94378
0.825551	3.45583	0.825551	3.45583
3.08308	0.746446	3.08308	0.746446
4.77476	3.75581	4.77476	3.75581
1.14322	3.21753	1.14322	3.21753
5.23558	-0.454401	5.23558	-0.454401
-3.26882	-1.74534	-3.26882	-1.74534
3.78722	4.10213	3.78722	4.10213
4.18513	3.29811	4.18513	3.29811
4.45442	4.68186	4.45442	4.68186
3.98592	3.92248	3.98592	3.92248
2.12535	5.00012	2.12535	5.00012
-0.868442	-1.67143	-0.868442	-1.67143
4.12002	3.05831	4.12002	3.05831
6.4239	2.78157	6.4239	2.78157
4.56704	2.85647	4.56704	2.85647
-0.307193	5.38545	-0.307193	5.38545
-1.80298	-5.49309	-1.80298	-5.49309
2.27431	5.85581	2.27431	5.85581
2.08575	5.10547	2.08575	5.10547
1.64571	6.32247	1.64571	6.32247
0.991777	4.23235	0.991777	4.23235
3.04752	2.58598	3.04752	2.58598
3.70275	2.60017	3.70275	2.60017
0.565368	3.61843	0.565368	3.61843
4.20107	5.00415	4.20107	5.00415
4.58963	2.84355	4.58963	2.84355
1.01931	-2.74412	1.01931	-2.74412
2.50575	3.75126	2.50575	3.75126
3.76134	0.931844	3.76134	0.931844
3.49442	1.60532	3.49442	1.60532
5.57803	2.58673	5.57803	2.58673
4.7484	0.816455	4.7484	0.816455
-2.38853	-4.79412	-2.38853	-4.79412
0.00447369	3.14711	0.00447369	3.14711
2.10785	4.01591	2.10785	4.01591
2.46589	4.0132	2.46589	4.0132
4.12405	0.555905	4.12405	0.555905
3.22596	2.28013	3.22596	2.28013
2.75825	-3.72662	2.75825	-3.72662
0.912427	4.92313	0.912427	4.92313
4.91954	4.41541	4.91954	4.41541
3.08099	2.40589	3.08099	2.40589
4.84509	2.25507	4.84509	2.25507
4.392	-2.06211	4.392	-2.06211
2.50293	3.89591	2.50293	3.89591
4.14769	3.30925	4.14769	3.30925
1.35261	3.19844	1.35261	3.19844
6.20899	0.248595	6.20899	0.248595
3.58894	6.254	3.58894	6.254
-0.354143	-0.450009	-0.354143	-0.450009
1.21472	3.99871	1.21472	3.99871
5.48031	3.39019	5.48031	3.39019
3.24689	2.12968	3.24689	2.12968
1.53048	3.59903	1.53048	3.59903
4.57673	2.26135	4.57673	2.26135
2.54203	1.53807	2.54203	1.53807
3.62566	1.26908	3.62566	1.26908
0.939067	5.41272	0.939067	5.41272
2.87846	3.4	2.87846	3.4
3.89299	1.65566	3.89299	1.65566
4.24367	4.13906	4.24367	4.13906
3.9397	2.77731	3.9397	2.77731
1.72839	4.54722	1.72839	4.54722
1.14186	-0.494049	1.14186	-0.494049
-1.56375	5.78079	-1.56375	5.78079
-0.157697	5.02236	-0.157697	5.02236
4.55076	1.61953	4.55076	1.61953
0.753429	4.49244	0.753429	4.49244
4.3383	-0.135166	4.3383	-0.135166
6.46492	1.59476	6.46492	1.59476
2.8602	4.49046	2.8602	4.49046
6.27518	-0.228338	6.27518	-0.228338
2.99781	3.36473	2.99781	3.36473
2.22206	4.38281	2.22206	4.38281
2.9405	3.13132	2.9405	3.13132
4.00808	-0.216299	4.00808	-0.216299
4.47911	-0.0502677	4.47911	-0.0502677
-2.24587	5.79388	-2.24587	5.79388
4.7238	3.03879	4.7238	3.03879
2.06036	-0.997041	2.06036	-0.997041
2.33011	0.203756	2.33011	0.203756
6.84382	1.98051	6.84382	1.98051
0.241182	4.11196	0.241182	4.11196
1.76164	7.2875	1.76164	7.2875
-1.9959	5.65185	-1.9959	5.65185
-0.64159	-2.02392	-0.64159	-2.02392
6.05286	-1.06554	6.05286	-1.06554
4.12155	0.121696	4.12155	0.121696
5.74552	1.78654	5.74552	1.78654
4.8004	-1.43726	4.8004	-1.43726
4.95861	2.33597	4.95861	2.33597
1.98229	0.979679	1.98229	0.979679
3.50532	0.154408	3.50532	0.154408
2.0752	4.88684	2.0752	4.88684
3.49085	2.1841	3.49085	2.1841
1.29793	3.63167	1.29793	3.63167
2.30667	-3.25237	2.30667	-3.25237
3.94697	0.191767	3.94697	0.191767
2.07716	3.99656	2.07716	3.99656
5.59359	0.946026	5.59359	0.946026
0.723115	3.06607	0.723115	3.06607
2.58404	3.83109	2.58404	3.83109
-2.54209	-4.01113	-2.54209	-4.01113
0.838411	1.67878	0.838411	1.67878
0.170836	1.09557	0.170836	1.09557
2.69765	-0.0350099	2.69765	-0.0350099
5.84918	1.92489	5.84918	1.92489
-0.210135	-2.17699	-0.210135	-2.17699
4.12013	0.231261	4.12013	0.231261
0.984079	6.53159	0.984079	6.53159
2.73607	-2.02869	2.73607	-2.02869
-3.74164	-4.30026	-3.74164	-4.30026
-0.875156	-0.588235	-0.875156	-0.588235
1.15945	-0.786475	1.15945	-0.786475
3.09708	1.3719	3.09708	1.3719
4.23666	1.08363	4.23666	1.08363
1.60732	-4.08043	1.60732	-4.08043
3.12027	0.979673	3.12027	0.979673
3.2476	2.47272	3.2476	2.47272
4.46196	1.46592	4.46196	1.46592
1.17764	-0.987195	1.17764	-0.987195
1.6273	4.64122	1.6273	4.64122
3.04437	2.63241	3.04437	2.63241
2.46733	3.20071	2.46733	3.20071
1.86064	4.482	1.86064	4.482
4.08043	2.69002	4.08043	2.69002
4.6943	-1.10366	4.6943	-1.10366
5.13339	1.45501	5.13339	1.45501
2.7817	-0.477035	2.7817	-0.477035
-1.01857	-0.335981	-1.01857	-0.335981
4.634	2.74611	4.634	2.74611
3.86896	2.30569	3.86896	2.30569
-1.14777	-2.12453	-1.14777	-2.12453
1.86188	5.48275	1.86188	5.48275
4.05117	-0.828278	4.05117	-0.828278
-6.49104	3.35222	-6.49104	3.35222
5.46652	-0.871934	5.46652	-0.871934
0.356534	-2.76876	0.356534	-2.76876
5.19755	1.39789	5.19755	1.39789
-0.527771	2.32589	-0.527771	2.32589
3.95731	0.0349521	3.95731	0.0349521
-3.63248	2.74887	-3.63248	2.74887
1.78249	-2.87872	1.78249	-2.87872
3.18921	-2.69433	3.18921	-2.69433
0.570346	-1.21154	0.570346	-1.21154
4.05821	-0.735753	4.05821	-0.735753
2.16497	-1.13284	2.16497	-1.13284
2.4134	3.97742	2.4134	3.97742
5.50905	1.70276	5.50905	1.70276
4.0888	-3.721	4.0888	-3.721
3.89864	1.41185	3.89864	1.41185
0.94838	-2.92738	0.94838	-2.92738
3.58477	0.669635	3.58477	0.669635
-4.05721	5.48342	-4.05721	5.48342
3.17326	-3.43908	3.17326	-3.43908
0.4373	4.94969	0.4373	4.94969
4.48131	2.04556	4.48131	2.04556
4.37925	3.46381	4.37925	3.46381
6.79133	1.811	6.79133	1.811
-5.44499	4.8024	-5.44499	4.8024
2.88361	3.15672	2.88361	3.15672
3.16314	4.17634	3.16314	4.17634
-3.37077	-3.79917	-3.37077	-3.79917
2.09752	4.61609	2.09752	4.61609
1.37715	1.21654	1.37715	1.21654
-0.81212	7.29694	-0.81212	7.29694
2.96817	4.09216	2.96817	4.09216
2.37873	3.44919	2.37873	3.44919
3.79682	2.20188	3.79682	2.20188
4.51853	-0.555795	4.51853	-0.555795
0.390822	2.02655	0.390822	2.02655
-1.5649	-0.0423374	-1.5649	-0.0423374
5.46537	3.68934	5.46537	3.68934
3.99138	2.57541	3.99138	2.57541
2.26989	3.6553	2.26989	3.6553
-1.49311	5.87388	-1.49311	5.87388
1.97284	4.85388	1.97284	4.85388
1.80774	1.80776	1.80774	1.80776
0.807945	5.17459	0.807945	5.17459
3.4954	1.53334	3.4954	1.53334
4.40022	-1.4455	4.40022	-1.4455
3.9824	2.76606	3.9824	2.76606
3.4038	1.88006	3.4038	1.88006
-2.69492	3.98014	-2.69492	3.98014
0.577049	1.25592	0.577049	1.25592
1.90201	3.13837	1.90201	3.13837
2.65176	5.83175	2.65176	5.83175
3.89712	-0.753002	3.89712	-0.753002
2.26242	-2.74244	2.26242	-2.74244
3.79527	2.83751	3.79527	2.83751
1.56368	4.97206	1.56368	4.97206
4.26868	0.203933	4.26868	0.203933
4.1888	1.40347	4.1888	1.40347
3.72086	3.24856	3.72086	3.24856
4.63809	1.2163	4.63809	1.2163
-0.232723	3.16429	-0.232723	3.16429
2.62273	0.742123	2.62273	0.742123
1.19982	5.94968	1.19982	5.94968
3.30765	2.58744	3.30765	2.58744
3.17738	-0.938059	3.17738	-0.938059
4.2308	5.04273	4.2308	5.04273
2.1465	2.65738	2.1465	2.65738
-0.504446	4.41016	-0.504446	4.41016
2.61378	3.48658	2.61378	3.48658
4.241	1.2189	4.241	1.2189
1.97641	3.67815	1.97641	3.67815
4.0487	0.129468	4.0487	0.129468
3.9866	-1.34256	3.9866	-1.34256
-1.07198	3.89906	-1.07198	3.89906
2.78626	5.32743	2.78626	5.32743
5.77695	3.28072	5.77695	3.28072
1.49379	4.38683	1.49379	4.38683
3.2684	2.64335	3.2684	2.64335
2.3919	4.40063	2.3919	4.40063
-2.80005	1.67467	-2.80005	1.67467
5.41657	-0.462016	5.41657	-0.462016
-0.957886	0.0548515	-0.957886	0.0548515
1.36517	2.78864	1.36517	2.78864
3.54114	4.1064	3.54114	4.1064
-1.05288	-0.346091	-1.05288	-0.346091
1.71063	1.22978	1.71063	1.22978
2.69287	-1.65382	2.69287	-1.65382
4.7478	3.25046	4.7478	3.25046
2.82343	2.77757	2.82343	2.77757
1.95495	6.63229	1.95495	6.63229
3.53445	2.09918	3.53445	2.09918
4.68602	3.49515	4.68602	3.49515
2.18449	1.16135	2.18449	1.16135
4.05369	-1.50827	4.05369	-1.50827
3.02995	3.12422	3.02995	3.12422
4.04081	1.22927	4.04081	1.22927
0.823157	-5.66982	0.823157	-5.66982
5.03666	5.28673	5.03666	5.28673
4.04116	0.236236	4.04116	0.236236
0.0706711	1.46286	0.0706711	1.46286
4.91911	2.82768	4.91911	2.82768
3.95495	1.40966	3.95495	1.40966
4.52823	1.95471	4.52823	1.95471
0.340996	3.26607	0.340996	3.26607
4.18584	0.62479	4.18584	0.62479
3.78176	2.51877	3.78176	2.51877
4.07901	2.04836	4.07901	2.04836
2.66284	3.85466	2.66284	3.85466
0.653593	5.63499	0.653593	5.63499
-1.67045	-1.76835	-1.67045	-1.76835
5.15125	-0.577719	5.15125	-0.577719
1.15483	4.62327	1.15483	4.62327
4.09053	3.6145	4.09053	3.6145
2.51266	-2.26108	2.51266	-2.26108
0.812012	5.94674	0.812012	5.94674
-6.16556	-2.47729	-6.16556	-2.47729
-1.60177	5.80992	-1.60177	5.80992
4.29634	1.66048	4.29634	1.66048
-0.244293	1.22816	-0.244293	1.22816
5.96434	0.202864	5.96434	0.202864
-2.27081	-5.90838	-2.27081	-5.90838
2.12212	3.76431	2.12212	3.76431
2.95251	5.82193	2.95251	5.82193
-2.42679	4.21974	-2.42679	4.21974
2.56538	3.56376	2.56538	3.56376
5.37037	3.49431	5.37037	3.49431
1.5325	2.94893	1.5325	2.94893
4.06267	-1.41486	4.06267	-1.41486
0.4332	2.44675	0.4332	2.44675
2.16602	4.97623	2.16602	4.97623
3.8801	3.08861	3.8801	3.08861
0.28379	-1.42218	0.28379	-1.42218
4.11471	-2.08602	4.11471	-2.08602
-1.41146	4.54225	-1.41146	4.54225
3.48973	-2.47687	3.48973	-2.47687
4.17576	-0.320322	4.17576	-0.320322
4.83836	5.0375	4.83836	5.0375
-1.10722	1.44424	-1.10722	1.44424
3.12903	3.9007	3.12903	3.9007
-2.57986	5.48847	-2.57986	5.48847
2.18935	3.82311	2.18935	3.82311
3.22069	2.41467	3.22069	2.41467
1.36878	4.83499	1.36878	4.83499
2.09151	3.65296	2.09151	3.65296
4.73711	1.45199	4.73711	1.45199
4.91433	-3.04009	4.91433	-3.04009
2.23121	3.36901	2.23121	3.36901
6.90813	1.11646	6.90813	1.11646
4.38123	1.13281	4.38123	1.13281
3.47826	-2.75011	3.47826	-2.75011
4.0517	0.379584	4.0517	0.379584
1.45179	-3.1078	1.45179	-3.1078
2.04019	3.93778	2.04019	3.93778
2.85726	-0.117128	2.85726	-0.117128
4.69447	-3.99815	4.69447	-3.99815
-0.121291	-0.468177	-0.121291	-0.468177
2.27297	4.30308	2.27297	4.30308
3.55408	1.99616	3.55408	1.99616
0.923831	0.590974	0.923831	0.590974
3.73208	1.3528	3.73208	1.3528
2.63674	-0.934717	2.63674	-0.934717
3.95127	5.70951	3.95127	5.70951
-0.0999085	5.57415	-0.0999085	5.57415
2.46821	3.49541	2.46821	3.49541
2.78012	1.54952	2.78012	1.54952
0.738856	-1.36745	0.738856	-1.36745
4.15504	-2.06434	4.15504	-2.06434
3.57666	2.34107	3.57666	2.34107
1.8417	0.850978	1.8417	0.850978
3.91214	3.4326	3.91214	3.4326
3.6562	1.97982	3.6562	1.97982
2.4732	-3.95571	2.4732	-3.95571
2.8047	3.51164	2.8047	3.51164
5.67843	0.1128	5.67843	0.1128
3.16753	3.29638	3.16753	3.29638
3.10745	-1.76872	3.10745	-1.76872
3.82914	2.79716	3.82914	2.79716
3.68603	-0.768291	3.68603	-0.768291
4.00133	-1.5366	4.00133	-1.5366
0.622366	4.68152	0.622366	4.68152
5.19241	1.75186	5.19241	1.75186
3.91333	0.593663	3.91333	0.593663
0.529784	-0.789065	0.529784	-0.789065
4.6671	-3.92256	4.6671	-3.92256
-0.369088	-0.0204697	-0.369088	-0.0204697
1.54044	-3.58503	1.54044	-3.58503
2.91013	2.75427	2.91013	2.75427
3.3067	-2.33224	3.3067	-2.33224
4.32108	-0.222719	4.32108	-0.222719
4.40683	-1.23737	4.40683	-1.23737
2.39997	2.02363	2.39997	2.02363
1.29554	3.92247	1.29554	3.92247
-6.13509	-4.87844	-6.13509	-4.87844
0.576308	5.5969	0.576308	5.5969
3.91253	1.06727	3.91253	1.06727
-3.86053	-4.25035	-3.86053	-4.25035
5.50469	-1.77557	5.50469	-1.77557
-2.14413	0.903482	-2.14413	0.903482
1.36726	4.28953	1.36726	4.28953
0.582456	5.00717	0.582456	5.00717
1.69224	-2.75375	1.69224	-2.75375
-1.13913	5.23781	-1.13913	5.23781
3.86223	3.79573	3.86223	3.79573
3.86997	-0.485735	3.86997	-0.485735
3.10552	-4.50925	3.10552	-4.50925
0.963155	-4.9504	0.963155	-4.9504
6.25976	4.63951	6.25976	4.63951
2.1506	1.31504	2.1506	1.31504
1.47819	0.281459	1.47819	0.281459
2.50724	1.6115	2.50724	1.6115
-0.177091	-5.41771	-0.177091	-5.41771
-6.10022	-0.557044	-6.10022	-0.557044
4.26753	0.64227	4.26753	0.64227
3.79368	1.7687	3.79368	1.7687
4.44881	5.20999	4.44881	5.20999
0.175267	-0.254553	0.175267	-0.254553
4.76427	-1.38684	4.76427	-1.38684
-1.69725	2.55237	-1.69725	2.55237
2.2797	-1.12579	2.2797	-1.12579
3.751	2.0423	3.751	2.0423
-1.12946	0.779706	-1.12946	0.779706
4.98972	3.2246	4.98972	3.2246
2.77967	3.31474	2.77967	3.31474
2.09689	3.65576	2.09689	3.65576
4.55266	0.195204	4.55266	0.195204
4.66931	0.317097	4.66931	0.317097
6.11027	0.736468	6.11027	0.736468
6.56421	-1.5011	6.56421	-1.5011
4.56106	1.75235	4.56106	1.75235
5.59561	2.06338	5.59561	2.06338
4.16805	1.87728	4.16805	1.87728
5.61769	-1.02563	5.61769	-1.02563
4.49851	-3.47855	4.49851	-3.47855
0.0109129	4.22973	0.0109129	4.22973
0.42466	-2.82523	0.42466	-2.82523
4.48874	-1.13254	4.48874	-1.13254
2.22484	3.53393	2.22484	3.53393
-1.24997	-4.16097	-1.24997	-4.16097
