2.47616	4.65185	2.47616	4.65185
4.02157	-0.632906	4.02157	-0.632906
0.662355	3.69661	0.662355	3.69661
4.01734	3.43776	4.01734	3.43776
4.33489	-2.54104	4.33489	-2.54104
0.245153	5.14486	0.245153	5.14486
4.88791	2.22655	4.88791	2.22655
2.01275	3.91103	2.01275	3.91103
1.23784	-0.455472	1.23784	-0.455472
2.22647	5.61905	2.22647	5.61905
-3.05483	6.24103	-3.05483	6.24103
3.04167	1.74649	3.04167	1.74649
2.44628	4.97928	2.44628	4.97928
-0.670288	-3.97965	-0.670288	-3.97965
3.45034	1.5561	3.45034	1.5561
2.86171	3.5802	2.86171	3.5802
0.2796	0.871525	0.2796	0.871525
5.33772	2.75535	5.33772	2.75535
5.64447	1.7916	5.64447	1.7916
3.54606	-0.758617	3.54606	-0.758617
3.81562	0.724702	3.81562	0.724702
4.98952	-0.436681	4.98952	-0.436681
3.76114	3.35261	3.76114	3.35261
2.93283	3.70948	2.93283	3.70948
2.88177	-4.6805	2.88177	-4.6805
3.98124	3.71532	3.98124	3.71532
3.43318	4.24494	3.43318	4.24494
4.49589	3.20031	4.49589	3.20031
3.17751	2.76693	3.17751	2.76693
4.95676	3.53641	4.95676	3.53641
-3.42363	5.8883	-3.42363	5.8883
4.06357	2.46656	4.06357	2.46656
-3.16864	-3.84509	-3.16864	-3.84509
1.83307	-5.54185	1.83307	-5.54185
1.30007	2.3784	1.30007	2.3784
2.12041	6.12106	2.12041	6.12106
4.22832	1.86813	4.22832	1.86813
4.40987	-0.308052	4.40987	-0.308052
2.51949	-2.97175	2.51949	-2.97175
2.34162	-2.21847	2.34162	-2.21847
-2.23689	-7.54695	-2.23689	-7.54695
3.8894	3.66642	3.8894	3.66642
3.96911	-3.09633	3.96911	-3.09633
3.63924	-0.363524	3.63924	-0.363524
5.92145	-1.33442	5.92145	-1.33442
4.64963	2.69652	4.64963	2.69652
0.158091	1.54662	0.158091	1.54662
0.0440898	4.16221	0.0440898	4.16221
3.77357	4.7382	3.77357	4.7382
1.72639	3.79638	1.72639	3.79638
4.46753	-2.14137	4.46753	-2.14137
3.68911	0.325591	3.68911	0.325591
0.268764	-2.02224	0.268764	-2.02224
1.97518	0.506211	1.97518	0.506211
2.40048	-1.80435	2.40048	-1.80435
0.892926	2.1089	0.892926	2.1089
4.06212	-0.217813	4.06212	-0.217813
1.51821	6.00592	1.51821	6.00592
3.62526	4.6498	3.62526	4.6498
1.70314	4.87667	1.70314	4.87667
5.15268	1.18674	5.15268	1.18674
4.35901	1.25401	4.35901	1.25401
1.20169	5.48153	1.20169	5.48153
6.13171	0.228078	6.13171	0.228078
1.79934	3.90947	1.79934	3.90947
4.30711	1.53804	4.30711	1.53804
0.476132	3.50581	0.476132	3.50581
4.52729	-2.78708	4.52729	-2.78708
3.20269	1.0428	3.20269	1.0428
3.58667	1.67939	3.58667	1.67939
-2.17144	3.20745	-2.17144	3.20745
4.75598	0.393587	4.75598	0.393587
4.53631	-0.76754	4.53631	-0.76754
3.74857	1.45527	3.74857	1.45527
5.09292	-1.00155	5.09292	-1.00155
0.968574	-2.97476	0.968574	-2.97476
2.04443	-3.59902	2.04443	-3.59902
6.86586	-3.60457	6.86586	-3.60457
4.87227	3.28928	4.87227	3.28928
3.22493	4.42732	3.22493	4.42732
-2.09364	4.67627	-2.09364	4.67627
2.48705	0.132727	2.48705	0.132727
-0.766628	-3.38396	-0.766628	-3.38396
4.68648	-0.519442	4.68648	-0.519442
-0.626017	0.452741	-0.626017	0.452741
1.6645	5.07438	1.6645	5.07438
5.84431	-0.553095	5.84431	-0.553095
-0.128605	5.38966	-0.128605	5.38966
4.20675	1.59427	4.20675	1.59427
1.61258	2.30548	1.61258	2.30548
-0.13645	2.95987	-0.13645	2.95987
0.065527	3.24526	0.065527	3.24526
1.19709	-4.26719	1.19709	-4.26719
5.57062	2.78199	5.57062	2.78199
0.995877	4.79129	0.995877	4.79129
5.25142	1.75426	5.25142	1.75426
2.52652	2.78566	2.52652	2.78566
0.394343	4.42746	0.394343	4.42746
1.87403	-1.03056	1.87403	-1.03056
-2.56948	2.90161	-2.56948	2.90161
5.98566	1.33674	5.98566	1.33674
3.71932	-2.96139	3.71932	-2.96139
2.11517	2.61271	2.11517	2.61271
-1.28476	1.69085	-1.28476	1.69085
3.91549	3.35013	3.91549	3.35013
2.6333	3.57392	2.6333	3.57392
3.91601	2.81785	3.91601	2.81785
5.20825	-1.18869	5.20825	-1.18869
-1.26275	-2.14759	-1.26275	-2.14759
4.70549	2.97894	4.70549	2.97894
2.95742	1.46073	2.95742	1.46073
0.911422	4.01437	0.911422	4.01437
0.235368	5.47469	0.235368	5.47469
4.49683	2.23804	4.49683	2.23804
-0.0219116	-4.52647	-0.0219116	-4.52647
1.01475	1.26097	1.01475	1.26097
4.48787	2.47501	4.48787	2.47501
3.47242	-3.35171	3.47242	-3.35171
1.24933	1.47218	1.24933	1.47218
2.75882	-1.67529	2.75882	-1.67529
2.33207	4.94643	2.33207	4.94643
3.02952	-2.41148	3.02952	-2.41148
0.967892	1.50921	0.967892	1.50921
1.89471	2.05838	1.89471	2.05838
5.36406	3.50027	5.36406	3.50027
3.30591	-0.94248	3.30591	-0.94248
2.43252	0.403082	2.43252	0.403082
-0.217383	4.09004	-0.217383	4.09004
-1.23179	-0.345214	-1.23179	-0.345214
-1.1737	-1.87194	-1.1737	-1.87194
-4.98574	1.61086	-4.98574	1.61086
-1.50404	2.45511	-1.50404	2.45511
0.0792737	-5.94466	0.0792737	-5.94466
4.34054	2.0914	4.34054	2.0914
2.40199	5.11779	2.40199	5.11779
0.252707	-3.39807	0.252707	-3.39807
3.57152	3.11385	3.57152	3.11385
1.60899	3.87225	1.60899	3.87225
2.97062	-0.46426	2.97062	-0.46426
4.6796	-0.0391775	4.6796	-0.0391775
1.33896	3.18565	1.33896	3.18565
4.7268	0.215988	4.7268	0.215988
-2.29522	3.1505	-2.29522	3.1505
6.83694	-1.16692	6.83694	-1.16692
2.30446	4.03145	2.30446	4.03145
-1.26982	4.36897	-1.26982	4.36897
2.11221	2.4898	2.11221	2.4898
5.00831	-2.81332	5.00831	-2.81332
2.82807	1.69726	2.82807	1.69726
3.99217	4.78533	3.99217	4.78533
0.840098	0.466102	0.840098	0.466102
0.559418	4.35524	0.559418	4.35524
1.53031	-0.784689	1.53031	-0.784689
5.68287	2.59108	5.68287	2.59108
-0.456883	-3.64842	-0.456883	-3.64842
4.32771	2.98639	4.32771	2.98639
2.04368	-4.91608	2.04368	-4.91608
-0.83369	4.30596	-0.83369	4.30596
5.29935	0.788246	5.29935	0.788246
0.473887	5.70245	0.473887	5.70245
2.7656	-0.484419	2.7656	-0.484419
5.20117	-2.23587	5.20117	-2.23587
2.6994	3.24612	2.6994	3.24612
-1.31195	0.85794	-1.31195	0.85794
4.51156	0.187914	4.51156	0.187914
3.36786	5.2137	3.36786	5.2137
1.90953	0.477809	1.90953	0.477809
-0.763818	0.63677	-0.763818	0.63677
-0.186663	-5.1274	-0.186663	-5.1274
2.55103	-2.40778	2.55103	-2.40778
5.57691	3.37568	5.57691	3.37568
4.04553	2.85666	4.04553	2.85666
5.1674	1.07646	5.1674	1.07646
-0.156415	-0.0466022	-0.156415	-0.0466022
3.39788	-0.00888586	3.39788	-0.00888586
0.0342607	3.87526	0.0342607	3.87526
4.9267	1.43169	4.9267	1.43169
2.40681	3.65957	2.40681	3.65957
3.7578	-3.60738	3.7578	-3.60738
0.190367	0.0365558	0.190367	0.0365558
1.64766	-4.86378	1.64766	-4.86378
3.71544	3.06412	3.71544	3.06412
1.36182	4.20409	1.36182	4.20409
0.343162	3.51133	0.343162	3.51133
3.19502	4.11743	3.19502	4.11743
1.15383	5.46475	1.15383	5.46475
4.26329	4.23953	4.26329	4.23953
5.98304	-0.495509	5.98304	-0.495509
5.64624	6.44276	5.64624	6.44276
-0.085012	2.643	-0.085012	2.643
4.55387	0.990022	4.55387	0.990022
0.597875	2.20915	0.597875	2.20915
3.73415	-1.87646	3.73415	-1.87646
1.2536	2.48064	1.2536	2.48064
2.78671	-0.469041	2.78671	-0.469041
3.73187	2.86037	3.73187	2.86037
-2.12445	-0.240348	-2.12445	-0.240348
1.2012	5.56875	1.2012	5.56875
2.49402	-5.11722	2.49402	-5.11722
2.53146	6.15664	2.53146	6.15664
1.87901	-2.00575	1.87901	-2.00575
3.63041	-1.43681	3.63041	-1.43681
1.81945	-1.28762	1.81945	-1.28762
6.36761	3.21357	6.36761	3.21357
4.40769	0.269374	4.40769	0.269374
4.38599	2.34027	4.38599	2.34027
2.84411	3.70545	2.84411	3.70545
1.83234	1.97774	1.83234	1.97774
0.333771	4.19589	0.333771	4.19589
3.9304	1.64261	3.9304	1.64261
2.99975	0.439075	2.99975	0.439075
2.50908	1.92277	2.50908	1.92277
2.48606	-1.75483	2.48606	-1.75483
3.62008	1.59279	3.62008	1.59279
-0.938265	-2.08442	-0.938265	-2.08442
7.04859	0.915962	7.04859	0.915962
-2.05247	4.21362	-2.05247	4.21362
1.94367	1.41567	1.94367	1.41567
3.65191	2.38675	3.65191	2.38675
-1.77206	-3.41967	-1.77206	-3.41967
2.23823	1.62371	2.23823	1.62371
2.25277	-2.09039	2.25277	-2.09039
5.54624	1.91789	5.54624	1.91789
3.66923	-4.27299	3.66923	-4.27299
3.03172	4.23265	3.03172	4.23265
-0.00492573	2.07135	-0.00492573	2.07135
0.40176	5.44337	0.40176	5.44337
0.558833	3.67382	0.558833	3.67382
2.86705	4.76225	2.86705	4.76225
3.07094	4.70868	3.07094	4.70868
3.414	-2.03688	3.414	-2.03688
0.771252	4.33179	0.771252	4.33179
-3.30515	5.89551	-3.30515	5.89551
-2.42343	3.56492	-2.42343	3.56492
0.56447	3.03566	0.56447	3.03566
5.11146	4.64654	5.11146	4.64654
4.93982	1.82411	4.93982	1.82411
-0.0492883	5.49686	-0.0492883	5.49686
1.27532	-4.76057	1.27532	-4.76057
3.43166	3.39966	3.43166	3.39966
0.706186	3.54417	0.706186	3.54417
2.73543	2.00025	2.73543	2.00025
5.14216	-4.72274	5.14216	-4.72274
3.53497	3.1384	3.53497	3.1384
-1.51598	4.60664	-1.51598	4.60664
4.38082	-1.062	4.38082	-1.062
3.258	-1.1071	3.258	-1.1071
4.04567	3.21625	4.04567	3.21625
4.90672	2.33615	4.90672	2.33615
4.58827	4.10615	4.58827	4.10615
4.08273	-2.49551	4.08273	-2.49551
-0.36122	3.99936	-0.36122	3.99936
-1.508	2.99178	-1.508	2.99178
1.85945	-5.82411	1.85945	-5.82411
0.915037	-1.4139	0.915037	-1.4139
0.915123	3.72892	0.915123	3.72892
6.44227	-0.137705	6.44227	-0.137705
2.287	7.24852	2.287	7.24852
-1.84755	-5.3864	-1.84755	-5.3864
2.43463	3.57331	2.43463	3.57331
4.81352	0.0334709	4.81352	0.0334709
4.10899	2.60802	4.10899	2.60802
4.16403	2.6593	4.16403	2.6593
-3.99489	0.73251	-3.99489	0.73251
2.0045	4.7159	2.0045	4.7159
0.682837	5.10568	0.682837	5.10568
3.63034	3.92899	3.63034	3.92899
2.67133	4.39092	2.67133	4.39092
4.46584	2.24279	4.46584	2.24279
3.00296	4.25078	3.00296	4.25078
1.55963	6.26206	1.55963	6.26206
5.29059	1.55668	5.29059	1.55668
4.22058	4.22281	4.22058	4.22281
-2.51751	2.59349	-2.51751	2.59349
4.70101	-0.369699	4.70101	-0.369699
5.11347	-1.41745	5.11347	-1.41745
1.94347	-0.509407	1.94347	-0.509407
2.99691	2.64796	2.99691	2.64796
5.25862	0.922773	5.25862	0.922773
3.62	4.45235	3.62	4.45235
4.02899	2.15444	4.02899	2.15444
2.89562	1.95949	2.89562	1.95949
1.00125	5.45305	1.00125	5.45305
-0.77398	-0.532665	-0.77398	-0.532665
-1.33131	5.19033	-1.33131	5.19033
4.44235	2.28393	4.44235	2.28393
3.48674	-1.17448	3.48674	-1.17448
5.28198	-0.576394	5.28198	-0.576394
4.73122	3.32011	4.73122	3.32011
1.96938	3.59963	1.96938	3.59963
5.41033	2.02751	5.41033	2.02751
-2.15784	1.64603	-2.15784	1.64603
1.73502	3.95158	1.73502	3.95158
2.42508	-4.08747	2.42508	-4.08747
3.517	4.48874	3.517	4.48874
4.30782	2.67558	4.30782	2.67558
3.35879	-3.37903	3.35879	-3.37903
0.0550327	-6.72129	0.0550327	-6.72129
4.16429	3.09166	4.16429	3.09166
1.2729	-5.567	1.2729	-5.567
-2.87908	5.1613	-2.87908	5.1613
1.65101	4.12528	1.65101	4.12528
0.174146	-2.44336	0.174146	-2.44336
1.4961	5.38263	1.4961	5.38263
1.3629	4.67535	1.3629	4.67535
4.03592	1.59734	4.03592	1.59734
2.30213	-0.0934372	2.30213	-0.0934372
2.2104	0.217045	2.2104	0.217045
4.87517	1.86217	4.87517	1.86217
4.25557	-3.00087	4.25557	-3.00087
0.440197	-1.72499	0.440197	-1.72499
2.48576	4.57325	2.48576	4.57325
1.32229	-1.49471	1.32229	-1.49471
4.77468	3.1118	4.77468	3.1118
4.35093	-1.24109	4.35093	-1.24109
5.03506	0.546401	5.03506	0.546401
1.62894	0.889836	1.62894	0.889836
4.8804	0.332298	4.8804	0.332298
1.77208	0.195259	1.77208	0.195259
4.03502	3.77965	4.03502	3.77965
2.27699	0.689655	2.27699	0.689655
-0.0601177	-4.01646	-0.0601177	-4.01646
3.61332	3.13838	3.61332	3.13838
2.3513	4.8497	2.3513	4.8497
2.98393	4.13819	2.98393	4.13819
4.61889	-1.70236	4.61889	-1.70236
4.74073	1.64917	4.74073	1.64917
1.05758	5.51125	1.05758	5.51125
-0.0460081	1.92855	-0.0460081	1.92855
3.15259	5.55277	3.15259	5.55277
2.06603	3.85616	2.06603	3.85616
2.44848	4.24758	2.44848	4.24758
-0.145386	-1.21512	-0.145386	-1.21512
5.21607	1.65993	5.21607	1.65993
3.26558	-2.09659	3.26558	-2.09659
4.21833	1.66667	4.21833	1.66667
6.49324	2.52331	6.49324	2.52331
3.84393	3.22324	3.84393	3.22324
1.59499	-2.21886	1.59499	-2.21886
4.13684	2.15575	4.13684	2.15575
3.56005	3.50743	3.56005	3.50743
2.01179	-3.79944	2.01179	-3.79944
2.41786	-2.82534	2.41786	-2.82534
1.45307	-4.63127	1.45307	-4.63127
1.76566	-1.27711	1.76566	-1.27711
4.96366	2.52318	4.96366	2.52318
4.60954	2.8325	4.60954	2.8325
1.29919	-1.95434	1.29919	-1.95434
-2.02664	4.24718	-2.02664	4.24718
4.14972	0.556771	4.14972	0.556771
3.5239	3.17745	3.5239	3.17745
0.981829	5.55063	0.981829	5.55063
-0.24854	-3.47141	-0.24854	-3.47141
2.88047	1.28204	2.88047	1.28204
1.20652	6.50064	1.20652	6.50064
4.83585	1.52914	4.83585	1.52914
2.06918	5.64485	2.06918	5.64485
5.09371	0.106199	5.09371	0.106199
3.57331	1.9388	3.57331	1.9388
2.15224	-0.992902	2.15224	-0.992902
3.86034	-0.730649	3.86034	-0.730649
0.96639	5.13606	0.96639	5.13606
2.87344	3.72062	2.87344	3.72062
8.82971	0.633994	8.82971	0.633994
5.1056	3.09648	5.1056	3.09648
3.66804	-0.175155	3.66804	-0.175155
2.60649	6.88448	2.60649	6.88448
5.40367	-1.16599	5.40367	-1.16599
4.69942	-1.92431	4.69942	-1.92431
4.1096	-0.718664	4.1096	-0.718664
6.00641	2.9939	6.00641	2.9939
2.42484	-0.235573	2.42484	-0.235573
5.36523	-2.32259	5.36523	-2.32259
3.56224	-1.41848	3.56224	-1.41848
4.64325	0.264481	4.64325	0.264481
5.00896	1.38405	5.00896	1.38405
3.97862	-3.48588	3.97862	-3.48588
1.32483	-0.878352	1.32483	-0.878352
1.63835	4.28268	1.63835	4.28268
2.03969	-4.17389	2.03969	-4.17389
5.28233	1.90317	5.28233	1.90317
-2.08992	0.152813	-2.08992	0.152813
2.72544	6.0664	2.72544	6.0664
1.33308	-5.83753	1.33308	-5.83753
-0.984494	-1.4502	-0.984494	-1.4502
4.34031	-1.13997	4.34031	-1.13997
0.34987	4.75119	0.34987	4.75119
3.2625	3.75055	3.2625	3.75055
3.86188	1.90005	3.86188	1.90005
5.20584	2.69305	5.20584	2.69305
-0.412395	4.84701	-0.412395	4.84701
5.12362	-0.190982	5.12362	-0.190982
-0.918796	3.12762	-0.918796	3.12762
3.52038	1.89658	3.52038	1.89658
0.929994	4.27485	0.929994	4.27485
-0.176646	-3.49108	-0.176646	-3.49108
-1.34884	-2.9817	-1.34884	-2.9817
-1.93736	-4.5295	-1.93736	-4.5295
0.534348	3.97204	0.534348	3.97204
4.51235	1.75353	4.51235	1.75353
5.58165	1.90274	5.58165	1.90274
4.42121	-0.580541	4.42121	-0.580541
2.57603	2.99256	2.57603	2.99256
-0.571617	-2.8145	-0.571617	-2.8145
4.66745	1.28637	4.66745	1.28637
0.770784	-2.72538	0.770784	-2.72538
4.03327	4.74229	4.03327	4.74229
4.40514	2.12874	4.40514	2.12874
1.51827	5.91953	1.51827	5.91953
5.4595	-3.0997	5.4595	-3.0997
4.51314	0.660769	4.51314	0.660769
5.55823	2.05864	5.55823	2.05864
-1.68082	5.12163	-1.68082	5.12163
-2.44165	-2.55369	-2.44165	-2.55369
3.18289	0.286885	3.18289	0.286885
3.98643	3.8914	3.98643	3.8914
3.47857	5.26946	3.47857	5.26946
3.7508	1.04581	3.7508	1.04581
0.434204	3.35689	0.434204	3.35689
-0.217318	3.383	-0.217318	3.383
0.135006	4.55006	0.135006	4.55006
1.67803	-1.59887	1.67803	-1.59887
2.3718	5.07054	2.3718	5.07054
0.823409	-6.22829	0.823409	-6.22829
-4.21874	6.63841	-4.21874	6.63841
-0.233476	1.03866	-0.233476	1.03866
-5.16764	-0.913382	-5.16764	-0.913382
1.40044	-0.372097	1.40044	-0.372097
4.84357	0.253776	4.84357	0.253776
4.57058	-0.48499	4.57058	-0.48499
1.45934	4.71106	1.45934	4.71106
4.29752	2.74533	4.29752	2.74533
2.73806	-1.0866	2.73806	-1.0866
2.74695	-2.15479	2.74695	-2.15479
1.8613	5.91286	1.8613	5.91286
4.89653	-0.819764	4.89653	-0.819764
4.60338	-1.47032	4.60338	-1.47032
-0.203413	3.27156	-0.203413	3.27156
2.02951	-3.58403	2.02951	-3.58403
-0.0364984	5.74246	-0.0364984	5.74246
-1.1	5.0991	-1.1	5.0991
4.10858	1.52533	4.10858	1.52533
5.12073	2.62288	5.12073	2.62288
6.01671	-1.29153	6.01671	-1.29153
3.95263	6.17116	3.95263	6.17116
3.82036	3.17542	3.82036	3.17542
3.81831	4.3162	3.81831	4.3162
2.67611	5.05968	2.67611	5.05968
-0.358574	-1.05882	-0.358574	-1.05882
3.97436	2.31189	3.97436	2.31189
4.57242	1.93018	4.57242	1.93018
1.28915	0.735288	1.28915	0.735288
4.86086	-0.264938	4.86086	-0.264938
1.54841	0.961492	1.54841	0.961492
0.440675	5.69617	0.440675	5.69617
0.701623	-3.57719	0.701623	-3.57719
0.0347853	-5.38978	0.0347853	-5.38978
4.49709	1.05669	4.49709	1.05669
2.04294	-2.00023	2.04294	-2.00023
5.82895	-3.44804	5.82895	-3.44804
4.67089	2.01568	4.67089	2.01568
1.82749	1.80692	1.82749	1.80692
1.13672	3.17014	1.13672	3.17014
2.11891	0.670471	2.11891	0.670471
-3.43469	3.28127	-3.43469	3.28127
7.23868	2.46702	7.23868	2.46702
4.58877	1.40867	4.58877	1.40867
-2.68922	5.9771	-2.68922	5.9771
2.81237	-2.92745	2.81237	-2.92745
0.784675	3.82867	0.784675	3.82867
-2.04835	1.25152	-2.04835	1.25152
1.94356	5.80723	1.94356	5.80723
-1.06223	-5.04195	-1.06223	-5.04195
1.32747	3.86532	1.32747	3.86532
2.7364	2.07753	2.7364	2.07753
3.55992	2.49996	3.55992	2.49996
3.33382	2.8293	3.33382	2.8293
2.28238	-0.0770292	2.28238	-0.0770292
-2.9874	-7.1537	-2.9874	-7.1537
0.542373	-5.14376	0.542373	-5.14376
2.29552	4.67446	2.29552	4.67446
2.38395	4.13497	2.38395	4.13497
5.74194	-0.158229	5.74194	-0.158229
3.39729	4.36132	3.39729	4.36132
-4.28026	0.917634	-4.28026	0.917634
-2.51902	3.54432	-2.51902	3.54432
4.14209	-1.58778	4.14209	-1.58778
-1.72063	4.74497	-1.72063	4.74497
5.10212	1.76373	5.10212	1.76373
3.1105	5.29465	3.1105	5.29465
5.13875	5.77478	5.13875	5.77478
1.83658	4.41612	1.83658	4.41612
0.381223	-1.94363	0.381223	-1.94363
7.60214	1.86929	7.60214	1.86929
5.52739	1.26525	5.52739	1.26525
4.30962	3.92828	4.30962	3.92828
7.60646	3.2744	7.60646	3.2744
2.73824	-1.2756	2.73824	-1.2756
1.70545	-0.250949	1.70545	-0.250949
4.79379	2.73241	4.79379	2.73241
1.56648	-1.6808	1.56648	-1.6808
3.0837	1.5781	3.0837	1.5781
1.14648	4.47941	1.14648	4.47941
2.13014	3.23335	2.13014	3.23335
1.57121	2.76777	1.57121	2.76777
0.741714	1.91156	0.741714	1.91156
3.64222	3.10844	3.64222	3.10844
1.81438	5.61862	1.81438	5.61862
2.06912	-2.10588	2.06912	-2.10588
5.28161	-0.387968	5.28161	-0.387968
1.92285	4.70638	1.92285	4.70638
-0.603758	-3.50308	-0.603758	-3.50308
3.79303	0.331832	3.79303	0.331832
4.72636	0.337487	4.72636	0.337487
-2.22272	1.305	-2.22272	1.305
-4.29269	0.805714	-4.29269	0.805714
4.87779	1.40624	4.87779	1.40624
5.23664	2.83335	5.23664	2.83335
2.96699	5.71556	2.96699	5.71556
3.99435	1.93443	3.99435	1.93443
0.772647	0.784048	0.772647	0.784048
-2.00718	-1.33489	-2.00718	-1.33489
0.632142	-0.456499	0.632142	-0.456499
-1.11059	-6.7101	-1.11059	-6.7101
2.92995	3.8103	2.92995	3.8103
-0.85383	-1.68884	-0.85383	-1.68884
-5.04671	-5.32407	-5.04671	-5.32407
4.61698	0.328878	4.61698	0.328878
-0.694161	-3.72983	-0.694161	-3.72983
0.553186	5.75706	0.553186	5.75706
2.86331	1.05394	2.86331	1.05394
2.14869	5.04736	2.14869	5.04736
1.85871	-1.30294	1.85871	-1.30294
5.56914	1.21078	5.56914	1.21078
1.56499	3.76796	1.56499	3.76796
-1.05553	5.58882	-1.05553	5.58882
0.273962	-5.70521	0.273962	-5.70521
2.88744	-4.87509	2.88744	-4.87509
1.4857	4.97544	1.4857	4.97544
2.29434	-1.43658	2.29434	-1.43658
2.98273	2.13926	2.98273	2.13926
5.85818	3.33615	5.85818	3.33615
1.35234	4.63327	1.35234	4.63327
2.59227	4.31053	2.59227	4.31053
3.20124	4.10425	3.20124	4.10425
4.83259	-0.299983	4.83259	-0.299983
4.1094	0.102388	4.1094	0.102388
3.39747	-2.12668	3.39747	-2.12668
2.85301	6.31552	2.85301	6.31552
3.68462	5.75936	3.68462	5.75936
3.37774	-2.14313	3.37774	-2.14313
4.29178	1.70367	4.29178	1.70367
-1.15207	5.7873	-1.15207	5.7873
2.93718	-1.79019	2.93718	-1.79019
2.88724	4.00611	2.88724	4.00611
3.84674	-2.5558	3.84674	-2.5558
3.70401	-0.0192523	3.70401	-0.0192523
5.76281	-0.346104	5.76281	-0.346104
2.38749	-1.02829	2.38749	-1.02829
-0.787268	5.94204	-0.787268	5.94204
3.67935	5.35197	3.67935	5.35197
2.85613	2.69545	2.85613	2.69545
6.24106	1.1606	6.24106	1.1606
4.12405	5.25412	4.12405	5.25412
5.64023	2.82592	5.64023	2.82592
3.37736	-4.82182	3.37736	-4.82182
2.06303	0.877306	2.06303	0.877306
3.92111	2.99585	3.92111	2.99585
3.21655	-2.39862	3.21655	-2.39862
4.74662	-1.20821	4.74662	-1.20821
1.10682	1.60152	1.10682	1.60152
2.30246	-3.77038	2.30246	-3.77038
2.9239	4.65151	2.9239	4.65151
-0.553885	5.19098	-0.553885	5.19098
2.54518	-3.29413	2.54518	-3.29413
5.132	0.0287844	5.132	0.0287844
5.60553	3.42268	5.60553	3.42268
1.59637	-0.869681	1.59637	-0.869681
3.49687	2.31913	3.49687	2.31913
5.00012	1.91404	5.00012	1.91404
4.39893	1.83541	4.39893	1.83541
0.940481	3.84517	0.940481	3.84517
-0.23536	7.24413	-0.23536	7.24413
-7.57591	1.53041	-7.57591	1.53041
-3.18048	5.65511	-3.18048	5.65511
4.41453	2.85765	4.41453	2.85765
0.568384	5.3725	0.568384	5.3725
4.27732	-0.443954	4.27732	-0.443954
4.69293	-0.228032	4.69293	-0.228032
3.91142	0.564465	3.91142	0.564465
1.22322	-1.25913	1.22322	-1.25913
3.54168	1.11198	3.54168	1.11198
3.436	1.4609	3.436	1.4609
6.04859	0.279716	6.04859	0.279716
2.49154	0.925657	2.49154	0.925657
1.53218	-5.83152	1.53218	-5.83152
3.52964	-0.665658	3.52964	-0.665658
-1.34481	5.5477	-1.34481	5.5477
4.19389	2.53725	4.19389	2.53725
-2.32884	2.42933	-2.32884	2.42933
5.50416	-1.24508	5.50416	-1.24508
2.40688	3.14536	2.40688	3.14536
3.21694	2.5398	3.21694	2.5398
3.10387	4.48579	3.10387	4.48579
4.72397	3.92511	4.72397	3.92511
3.28364	3.24029	3.28364	3.24029
3.35588	-3.03842	3.35588	-3.03842
4.71648	0.980363	4.71648	0.980363
2.44391	1.70537	2.44391	1.70537
4.74584	2.21273	4.74584	2.21273
3.97189	2.82212	3.97189	2.82212
5.7421	-1.29741	5.7421	-1.29741
4.18479	3.77273	4.18479	3.77273
3.74522	0.0238714	3.74522	0.0238714
2.44101	2.46373	2.44101	2.46373
5.55972	-0.401164	5.55972	-0.401164
2.83376	4.22498	2.83376	4.22498
1.68939	4.4089	1.68939	4.4089
2.72422	0.897025	2.72422	0.897025
4.65189	3.93918	4.65189	3.93918
1.45525	0.211761	1.45525	0.211761
2.70375	4.62575	2.70375	4.62575
2.25693	1.43199	2.25693	1.43199
0.951944	-3.34749	0.951944	-3.34749
3.38554	4.12983	3.38554	4.12983
2.83258	1.74082	2.83258	1.74082
1.83373	0.172644	1.83373	0.172644
1.82136	4.85227	1.82136	4.85227
4.52998	2.35598	4.52998	2.35598
-2.36077	1.21627	-2.36077	1.21627
1.91884	4.07919	1.91884	4.07919
4.23657	2.17325	4.23657	2.17325
1.90869	3.45647	1.90869	3.45647
4.2967	1.2799	4.2967	1.2799
1.47464	3.73861	1.47464	3.73861
4.93133	1.40518	4.93133	1.40518
6.30169	3.27409	6.30169	3.27409
0.121428	1.15338	0.121428	1.15338
-1.01876	3.58455	-1.01876	3.58455
5.79347	-0.299139	5.79347	-0.299139
3.44992	3.31506	3.44992	3.31506
6.14705	2.01925	6.14705	2.01925
1.41086	5.59549	1.41086	5.59549
-4.56916	-3.72264	-4.56916	-3.72264
-0.197895	5.85802	-0.197895	5.85802
3.03084	-0.504337	3.03084	-0.504337
6.12698	-0.364501	6.12698	-0.364501
1.45692	5.26789	1.45692	5.26789
5.99237	-0.615228	5.99237	-0.615228
4.87876	-1.53868	4.87876	-1.53868
3.50622	-1.34213	3.50622	-1.34213
3.80924	3.34781	3.80924	3.34781
-4.44455	-5.19023	-4.44455	-5.19023
1.3203	-0.90979	1.3203	-0.90979
2.64448	1.86909	2.64448	1.86909
2.99801	6.25807	2.99801	6.25807
2.22991	1.25741	2.22991	1.25741
4.21602	2.71461	4.21602	2.71461
4.54912	1.86518	4.54912	1.86518
0.234674	-3.9715	0.234674	-3.9715
2.16529	3.24141	2.16529	3.24141
1.32657	6.03483	1.32657	6.03483
2.63765	4.34839	2.63765	4.34839
2.50231	-2.07023	2.50231	-2.07023
1.32748	2.87129	1.32748	2.87129
2.4524	0.424067	2.4524	0.424067
0.827234	5.99666	0.827234	5.99666
4.13963	1.9783	4.13963	1.9783
0.0865602	3.79912	0.0865602	3.79912
2.89406	3.83646	2.89406	3.83646
-0.218875	-2.94243	-0.218875	-2.94243
3.45794	0.00779867	3.45794	0.00779867
-2.7864	-7.58325	-2.7864	-7.58325
1.2076	2.42585	1.2076	2.42585
2.76654	4.94358	2.76654	4.94358
3.38785	4.14432	3.38785	4.14432
4.47246	2.96056	4.47246	2.96056
2.2206	4.62287	2.2206	4.62287
6.50119	2.27886	6.50119	2.27886
0.822436	-3.66784	0.822436	-3.66784
4.41284	-3.74429	4.41284	-3.74429
3.0739	3.44421	3.0739	3.44421
4.70211	-0.95865	4.70211	-0.95865
1.4311	5.12598	1.4311	5.12598
1.01689	4.08943	1.01689	4.08943
4.96651	4.40986	4.96651	4.40986
1.26038	1.26453	1.26038	1.26453
-0.322534	3.09176	-0.322534	3.09176
4.30497	3.5367	4.30497	3.5367
2.89203	1.15428	2.89203	1.15428
1.95834	5.55995	1.95834	5.55995
3.76978	1.06986	3.76978	1.06986
2.22142	0.466465	2.22142	0.466465
1.63342	3.47299	1.63342	3.47299
2.23419	4.29914	2.23419	4.29914
2.74293	2.75611	2.74293	2.75611
2.53381	5.39808	2.53381	5.39808
5.83867	-0.141374	5.83867	-0.141374
2.8441	-4.34919	2.8441	-4.34919
1.16002	4.05813	1.16002	4.05813
5.85828	0.248853	5.85828	0.248853
1.60117	-4.8177	1.60117	-4.8177
1.55444	7.44088	1.55444	7.44088
3.94824	2.92949	3.94824	2.92949
3.03769	0.969754	3.03769	0.969754
3.14034	5.2807	3.14034	5.2807
-1.81816	-3.71763	-1.81816	-3.71763
2.57146	2.43937	2.57146	2.43937
5.2879	2.13349	5.2879	2.13349
0.328774	3.8076	0.328774	3.8076
1.1401	3.35533	1.1401	3.35533
6.12173	6.38207	6.12173	6.38207
-2.86849	-1.8847	-2.86849	-1.8847
1.7361	0.951636	1.7361	0.951636
1.46033	-0.456046	1.46033	-0.456046
1.06228	3.41302	1.06228	3.41302
4.37006	-0.0717244	4.37006	-0.0717244
0.939435	1.1103	0.939435	1.1103
1.12749	-6.23629	1.12749	-6.23629
6.80284	-0.0888479	6.80284	-0.0888479
3.02178	-0.999709	3.02178	-0.999709
1.07431	0.0365658	1.07431	0.0365658
-2.48371	-0.532038	-2.48371	-0.532038
3.50834	2.91758	3.50834	2.91758
3.76941	2.76559	3.76941	2.76559
3.25736	4.68033	3.25736	4.68033
-1.34613	2.00822	-1.34613	2.00822
4.67988	0.610302	4.67988	0.610302
0.717177	2.95581	0.717177	2.95581
-4.66424	-7.05417	-4.66424	-7.05417
3.23894	-1.94497	3.23894	-1.94497
4.39986	-0.212355	4.39986	-0.212355
2.15557	4.5104	2.15557	4.5104
-2.17128	-3.89558	-2.17128	-3.89558
5.87276	-1.95584	5.87276	-1.95584
6.36064	2.64882	6.36064	2.64882
3.17544	-4.3832	3.17544	-4.3832
3.28348	4.32832	3.28348	4.32832
3.19162	-0.603799	3.19162	-0.603799
1.27435	-1.10434	1.27435	-1.10434
6.25144	4.09669	6.25144	4.09669
3.33592	0.393424	3.33592	0.393424
-6.19737	-3.46995	-6.19737	-3.46995
0.75658	-0.401881	0.75658	-0.401881
-2.28833	3.83409	-2.28833	3.83409
-0.00301886	-3.19915	-0.00301886	-3.19915
5.24103	1.49109	5.24103	1.49109
5.34501	1.70324	5.34501	1.70324
0.0770035	3.72613	0.0770035	3.72613
1.3935	0.148047	1.3935	0.148047
5.76446	1.42814	5.76446	1.42814
-1.85886	-4.26542	-1.85886	-4.26542
1.24481	3.42261	1.24481	3.42261
-0.0934391	-0.0460958	-0.0934391	-0.0460958
5.25772	-2.75836	5.25772	-2.75836
0.878233	4.97808	0.878233	4.97808
1.3259	0.0856423	1.3259	0.0856423
4.97289	3.12998	4.97289	3.12998
4.10991	3.97251	4.10991	3.97251
3.7649	-1.95306	3.7649	-1.95306
4.99901	-1.36015	4.99901	-1.36015
3.37503	2.52216	3.37503	2.52216
3.60872	2.22841	3.60872	2.22841
3.3296	3.30507	3.3296	3.30507
4.7781	3.84254	4.7781	3.84254
0.397972	5.47681	0.397972	5.47681
4.06086	-2.56696	4.06086	-2.56696
3.56112	4.32947	3.56112	4.32947
3.90705	3.42344	3.90705	3.42344
5.95169	2.46172	5.95169	2.46172
4.29232	1.88888	4.29232	1.88888
3.82003	1.02718	3.82003	1.02718
0.546656	6.41983	0.546656	6.41983
4.49485	3.74564	4.49485	3.74564
1.89925	2.00997	1.89925	2.00997
3.62031	3.26918	3.62031	3.26918
4.83213	-0.0727693	4.83213	-0.0727693
-1.17064	-4.24841	-1.17064	-4.24841
0.176707	4.7493	0.176707	4.7493
3.35293	4.47782	3.35293	4.47782
-1.34539	3.83101	-1.34539	3.83101
4.21731	4.66532	4.21731	4.66532
-1.75324	5.7174	-1.75324	5.7174
4.87922	2.77491	4.87922	2.77491
1.12336	0.241872	1.12336	0.241872
3.5978	3.16323	3.5978	3.16323
1.7649	6.86016	1.7649	6.86016
1.34101	4.32744	1.34101	4.32744
5.00844	0.26358	5.00844	0.26358
2.028	5.0336	2.028	5.0336
-1.51426	3.16838	-1.51426	3.16838
-0.456712	3.03386	-0.456712	3.03386
4.48981	2.17436	4.48981	2.17436
0.731775	-4.73784	0.731775	-4.73784
2.96712	2.36957	2.96712	2.36957
3.18576	3.58723	3.18576	3.58723
1.99893	4.47368	1.99893	4.47368
2.21432	4.01795	2.21432	4.01795
4.29233	2.90329	4.29233	2.90329
3.85234	2.46165	3.85234	2.46165
2.9445	-3.39687	2.9445	-3.39687
5.23631	5.01283	5.23631	5.01283
3.88457	-2.60317	3.88457	-2.60317
2.31582	0.614574	2.31582	0.614574
3.86287	0.549593	3.86287	0.549593
-0.41745	-3.32621	-0.41745	-3.32621
2.28226	4.31301	2.28226	4.31301
2.8044	4.66315	2.8044	4.66315
1.09038	4.16517	1.09038	4.16517
0.357867	5.69541	0.357867	5.69541
-0.119339	2.90688	-0.119339	2.90688
-0.109358	2.21173	-0.109358	2.21173
4.13811	2.85257	4.13811	2.85257
3.87586	-2.29295	3.87586	-2.29295
2.19017	-1.38731	2.19017	-1.38731
-2.28562	-4.44057	-2.28562	-4.44057
4.96232	4.63038	4.96232	4.63038
1.4201	-5.0384	1.4201	-5.0384
-1.75093	-7.13199	-1.75093	-7.13199
2.33928	4.21085	2.33928	4.21085
3.71247	3.27851	3.71247	3.27851
0.280469	0.150086	0.280469	0.150086
4.4949	-0.356578	4.4949	-0.356578
4.77867	2.8716	4.77867	2.8716
4.0432	-0.87675	4.0432	-0.87675
2.86531	4.14792	2.86531	4.14792
5.01865	1.62234	5.01865	1.62234
1.68126	-4.78065	1.68126	-4.78065
0.514235	-4.10399	0.514235	-4.10399
-3.48514	-0.736584	-3.48514	-0.736584
4.76828	0.841375	4.76828	0.841375
3.27369	0.11545	3.27369	0.11545
2.72575	6.62566	2.72575	6.62566
2.72188	-2.22203	2.72188	-2.22203
-1.91759	2.87667	-1.91759	2.87667
5.91674	-0.821573	5.91674	-0.821573
6.41852	-2.27101	6.41852	-2.27101
5.30937	-1.55607	5.30937	-1.55607
3.40879	-1.58128	3.40879	-1.58128
1.55817	5.15021	1.55817	5.15021
2.20295	5.65854	2.20295	5.65854
5.77685	2.90134	5.77685	2.90134
3.33357	3.56722	3.33357	3.56722
2.83176	4.03425	2.83176	4.03425
4.8646	1.10861	4.8646	1.10861
3.31085	-0.115396	3.31085	-0.115396
1.00973	-2.4042	1.00973	-2.4042
5.58229	2.22104	5.58229	2.22104
0.30913	0.954742	0.30913	0.954742
1.98461	5.221	1.98461	5.221
6.18764	4.67149	6.18764	4.67149
1.90166	4.9701	1.90166	4.9701
1.34912	5.16682	1.34912	5.16682
4.66067	0.0905341	4.66067	0.0905341
0.932316	-3.68437	0.932316	-3.68437
4.04037	0.23165	4.04037	0.23165
3.76304	2.7246	3.76304	2.7246
4.09335	3.87589	4.09335	3.87589
2.32532	4.04375	2.32532	4.04375
3.9492	3.42553	3.9492	3.42553
-6.54265	4.13176	-6.54265	4.13176
0.0642409	0.234512	0.0642409	0.234512
5.11552	2.05455	5.11552	2.05455
3.60004	1.70826	3.60004	1.70826
1.22954	-3.15289	1.22954	-3.15289
-2.63683	3.33275	-2.63683	3.33275
3.31547	3.69863	3.31547	3.69863
4.40344	3.3571	4.40344	3.3571
-5.95468	3.69579	-5.95468	3.69579
-2.53794	-0.222508	-2.53794	-0.222508
4.07195	-0.182049	4.07195	-0.182049
0.941365	5.34649	0.941365	5.34649
2.94361	2.37388	2.94361	2.37388
1.26981	-5.78087	1.26981	-5.78087
5.61708	-0.165208	5.61708	-0.165208
1.28524	4.20239	1.28524	4.20239
2.98042	-3.42748	2.98042	-3.42748
4.37107	1.39958	4.37107	1.39958
6.029	2.24762	6.029	2.24762
1.44886	2.39487	1.44886	2.39487
5.23099	2.63103	5.23099	2.63103
1.54569	5.42933	1.54569	5.42933
3.75413	2.54256	3.75413	2.54256
-0.279731	-1.57028	-0.279731	-1.57028
2.74721	2.92984	2.74721	2.92984
0.430296	3.81409	0.430296	3.81409
2.85744	0.296742	2.85744	0.296742
4.61431	3.01032	4.61431	3.01032
3.29367	-1.49556	3.29367	-1.49556
1.90657	-1.17099	1.90657	-1.17099
3.90523	3.39624	3.90523	3.39624
-4.80847	4.56849	-4.80847	4.56849
1.95773	-0.480653	1.95773	-0.480653
5.56844	-0.0901316	5.56844	-0.0901316
3.33458	4.09365	3.33458	4.09365
2.57159	3.47199	2.57159	3.47199
1.18101	5.56151	1.18101	5.56151
4.72743	-0.422935	4.72743	-0.422935
3.77589	0.86693	3.77589	0.86693
2.38682	2.93354	2.38682	2.93354
-1.19934	4.48343	-1.19934	4.48343
1.61075	4.91608	1.61075	4.91608
2.89177	-0.354859	2.89177	-0.354859
0.122724	0.933664	0.122724	0.933664
2.62609	6.54678	2.62609	6.54678
-0.890231	6.36792	-0.890231	6.36792
-0.178034	0.143424	-0.178034	0.143424
4.15216	2.30051	4.15216	2.30051
1.1687	-2.71852	1.1687	-2.71852
2.16034	-0.705016	2.16034	-0.705016
4.66935	-0.704246	4.66935	-0.704246
1.75373	-5.11956	1.75373	-5.11956
0.733834	3.41608	0.733834	3.41608
4.07351	1.41042	4.07351	1.41042
3.80819	0.346904	3.80819	0.346904
6.67994	-0.296666	6.67994	-0.296666
1.51236	5.30375	1.51236	5.30375
-0.440511	4.5093	-0.440511	4.5093
-0.646994	3.21796	-0.646994	3.21796
0.0346413	-2.697	0.0346413	-2.697
-1.28161	-0.151274	-1.28161	-0.151274
6.01656	0.0281243	6.01656	0.0281243
0.0513244	-6.79032	0.0513244	-6.79032
-2.36617	3.96017	-2.36617	3.96017
-1.32567	-5.47488	-1.32567	-5.47488
2.1795	5.17021	2.1795	5.17021
3.8527	-2.6114	3.8527	-2.6114
4.74965	1.36912	4.74965	1.36912
4.38542	-0.588175	4.38542	-0.588175
4.11685	0.830462	4.11685	0.830462
4.65389	0.757442	4.65389	0.757442
1.9002	4.19648	1.9002	4.19648
4.46244	1.55412	4.46244	1.55412
-0.393885	4.77741	-0.393885	4.77741
3.717	0.75499	3.717	0.75499
3.41453	4.62162	3.41453	4.62162
3.85037	0.413859	3.85037	0.413859
-2.67744	-4.13909	-2.67744	-4.13909
5.31322	2.0381	5.31322	2.0381
5.28517	-0.0479631	5.28517	-0.0479631
3.55621	3.20172	3.55621	3.20172
1.00801	-1.46127	1.00801	-1.46127
4.92972	-1.32959	4.92972	-1.32959
1.23525	-3.68491	1.23525	-3.68491
4.98222	0.950277	4.98222	0.950277
0.594823	2.67692	0.594823	2.67692
3.40925	3.09276	3.40925	3.09276
7.95534	0.124823	7.95534	0.124823
0.0566817	5.73635	0.0566817	5.73635
0.932561	4.27652	0.932561	4.27652
3.51335	-2.83629	3.51335	-2.83629
-0.424047	-1.51861	-0.424047	-1.51861
3.13077	3.92667	3.13077	3.92667
0.380118	4.22377	0.380118	4.22377
1.2204	-6.20814	1.2204	-6.20814
3.99445	-3.38048	3.99445	-3.38048
3.4566	-1.46702	3.4566	-1.46702
0.042892	4.58878	0.042892	4.58878
4.01718	-1.94592	4.01718	-1.94592
4.06852	2.58749	4.06852	2.58749
3.22002	1.62962	3.22002	1.62962
4.56113	0.742074	4.56113	0.742074
-0.594448	2.41765	-0.594448	2.41765
4.09375	3.16864	4.09375	3.16864
3.97879	5.15748	3.97879	5.15748
2.75729	0.742816	2.75729	0.742816
0.166058	-3.52516	0.166058	-3.52516
3.41337	0.594412	3.41337	0.594412
5.76527	2.70942	5.76527	2.70942
-3.07404	6.09588	-3.07404	6.09588
4.41041	0.861718	4.41041	0.861718
-2.86707	-0.915663	-2.86707	-0.915663
2.1906	1.58539	2.1906	1.58539
2.62062	0.795632	2.62062	0.795632
4.27671	0.721566	4.27671	0.721566
4.10501	2.58944	4.10501	2.58944
4.04421	2.49539	4.04421	2.49539
2.39369	-5.10689	2.39369	-5.10689
3.33327	-1.18344	3.33327	-1.18344
0.111329	4.37954	0.111329	4.37954
4.64848	-1.28316	4.64848	-1.28316
4.62467	3.41154	4.62467	3.41154
3.07038	3.6463	3.07038	3.6463
2.88843	4.17483	2.88843	4.17483
-0.365324	-5.21945	-0.365324	-5.21945
2.09116	0.661096	2.09116	0.661096
4.43643	0.107028	4.43643	0.107028
1.38112	6.23631	1.38112	6.23631
3.26215	3.00202	3.26215	3.00202
6.19861	4.06495	6.19861	4.06495
-0.771809	6.37473	-0.771809	6.37473
3.44261	2.79258	3.44261	2.79258
4.86112	0.0282423	4.86112	0.0282423
1.95069	-3.69192	1.95069	-3.69192
2.38714	4.7104	2.38714	4.7104
-0.245948	5.76617	-0.245948	5.76617
3.58239	-2.91212	3.58239	-2.91212
3.37676	-0.0273795	3.37676	-0.0273795
5.59403	1.92347	5.59403	1.92347
4.04203	-3.10675	4.04203	-3.10675
5.31612	5.95901	5.31612	5.95901
5.62814	-0.0276393	5.62814	-0.0276393
0.570042	5.07092	0.570042	5.07092
5.39462	1.83305	5.39462	1.83305
2.75665	5.6077	2.75665	5.6077
4.44873	4.66672	4.44873	4.66672
0.962686	4.64364	0.962686	4.64364
-1.92599	-5.75327	-1.92599	-5.75327
4.6449	0.999384	4.6449	0.999384
1.56276	1.3317	1.56276	1.3317
-2.12029	-2.31003	-2.12029	-2.31003
4.20681	2.91421	4.20681	2.91421
5.19007	1.05435	5.19007	1.05435
4.66547	-0.159608	4.66547	-0.159608
1.38301	1.9737	1.38301	1.9737
6.0972	5.40111	6.0972	5.40111
-1.16435	-1.62501	-1.16435	-1.62501
5.45144	0.401069	5.45144	0.401069
5.74729	0.112207	5.74729	0.112207
3.58291	3.33937	3.58291	3.33937
1.17228	4.91674	1.17228	4.91674
3.19594	4.54559	3.19594	4.54559
1.21447	5.66467	1.21447	5.66467
1.65477	2.44921	1.65477	2.44921
3.11812	3.72034	3.11812	3.72034
-6.67713	-3.06077	-6.67713	-3.06077
4.19921	0.431193	4.19921	0.431193
3.2	-1.81347	3.2	-1.81347
4.58561	2.3903	4.58561	2.3903
3.78472	4.27714	3.78472	4.27714
3.30823	-1.77062	3.30823	-1.77062
3.66903	-3.00542	3.66903	-3.00542
3.71709	-3.12718	3.71709	-3.12718
1.81645	-2.88313	1.81645	-2.88313
3.71909	-2.68399	3.71909	-2.68399
3.81168	2.88198	3.81168	2.88198
4.17792	-0.444681	4.17792	-0.444681
2.65188	4.11109	2.65188	4.11109
3.57005	1.26528	3.57005	1.26528
3.46355	-0.550442	3.46355	-0.550442
0.673338	0.544652	0.673338	0.544652
5.51495	-3.13003	5.51495	-3.13003
4.45818	0.891163	4.45818	0.891163
3.99083	0.532114	3.99083	0.532114
0.229266	5.58457	0.229266	5.58457
-0.0802565	3.61733	-0.0802565	3.61733
6.47446	2.17843	6.47446	2.17843
-1.08543	-0.324352	-1.08543	-0.324352
4.63573	1.93294	4.63573	1.93294
2.97744	-3.88699	2.97744	-3.88699
3.64546	3.60333	3.64546	3.60333
5.55703	3.2459	5.55703	3.2459
3.74031	2.52985	3.74031	2.52985
0.299205	-2.25122	0.299205	-2.25122
5.058	2.90298	5.058	2.90298
-2.1897	4.74597	-2.1897	4.74597
3.85975	-2.02698	3.85975	-2.02698
1.82569	-1.70358	1.82569	-1.70358
2.8779	3.64776	2.8779	3.64776
4.7914	1.46386	4.7914	1.46386
3.68953	4.33406	3.68953	4.33406
1.81023	-0.112599	1.81023	-0.112599
3.1586	2.13899	3.1586	2.13899
4.3381	1.98814	4.3381	1.98814
-0.0278978	5.25932	-0.0278978	5.25932
4.81774	0.655286	4.81774	0.655286
1.84337	3.2973	1.84337	3.2973
1.45878	-2.77308	1.45878	-2.77308
-0.0441794	-1.57752	-0.0441794	-1.57752
2.41736	4.48359	2.41736	4.48359
-2.35038	3.19564	-2.35038	3.19564
-1.16305	-6.52304	-1.16305	-6.52304
2.55447	4.43023	2.55447	4.43023
2.65287	1.40692	2.65287	1.40692
1.24854	-5.82811	1.24854	-5.82811
1.99511	-0.158023	1.99511	-0.158023
4.42514	-1.43491	4.42514	-1.43491
5.76476	2.37986	5.76476	2.37986
5.33091	2.61073	5.33091	2.61073
2.22685	2.42859	2.22685	2.42859
4.51823	2.45196	4.51823	2.45196
3.30374	-3.69682	3.30374	-3.69682
1.59342	-3.7499	1.59342	-3.7499
5.42725	1.8676	5.42725	1.8676
3.63163	-1.02261	3.63163	-1.02261
1.21575	5.15396	1.21575	5.15396
1.11508	1.21909	1.11508	1.21909
2.283	4.12747	2.283	4.12747
4.92095	0.9307	4.92095	0.9307
5.30892	0.575878	5.30892	0.575878
4.70663	4.46921	4.70663	4.46921
-0.403779	4.352	-0.403779	4.352
0.356888	-0.661671	0.356888	-0.661671
-2.67813	-5.3552	-2.67813	-5.3552
5.61138	-0.919546	5.61138	-0.919546
4.12306	-2.40256	4.12306	-2.40256
-0.943096	6.29906	-0.943096	6.29906
4.79341	-0.411906	4.79341	-0.411906
1.04341	-6.03704	1.04341	-6.03704
-0.0532684	-1.06369	-0.0532684	-1.06369
-4.67083	4.86283	-4.67083	4.86283
1.65981	-0.560531	1.65981	-0.560531
6.89678	0.144091	6.89678	0.144091
-0.917271	3.97038	-0.917271	3.97038
5.06718	0.853667	5.06718	0.853667
1.72386	-0.368967	1.72386	-0.368967
0.635157	-2.25357	0.635157	-2.25357
4.41027	-2.89051	4.41027	-2.89051
5.23485	-0.454539	5.23485	-0.454539
0.763783	1.18078	0.763783	1.18078
3.66549	6.05156	3.66549	6.05156
4.38907	-0.314587	4.38907	-0.314587
2.96597	1.2038	2.96597	1.2038
2.34995	4.2555	2.34995	4.2555
0.875771	2.27577	0.875771	2.27577
5.34689	2.92191	5.34689	2.92191
5.35138	1.77088	5.35138	1.77088
4.73137	4.26035	4.73137	4.26035
6.12257	3.02026	6.12257	3.02026
6.83885	0.707101	6.83885	0.707101
6.93805	1.24404	6.93805	1.24404
4.40405	1.3387	4.40405	1.3387
1.98187	1.10776	1.98187	1.10776
4.27868	5.90336	4.27868	5.90336
4.5592	3.38248	4.5592	3.38248
-4.59788	-2.23627	-4.59788	-2.23627
-0.0755215	4.33979	-0.0755215	4.33979
1.8096	3.05768	1.8096	3.05768
-0.41078	-5.29178	-0.41078	-5.29178
4.062	-2.31034	4.062	-2.31034
-0.677423	5.34503	-0.677423	5.34503
2.34093	2.95576	2.34093	2.95576
4.87251	3.1359	4.87251	3.1359
4.38746	-0.918161	4.38746	-0.918161
0.739016	4.07963	0.739016	4.07963
3.4321	-1.45361	3.4321	-1.45361
1.34928	2.60462	1.34928	2.60462
5.66154	-1.62789	5.66154	-1.62789
4.43403	-4.01245	4.43403	-4.01245
4.46566	-0.545221	4.46566	-0.545221
1.97175	2.76697	1.97175	2.76697
5.40648	1.12932	5.40648	1.12932
3.13824	4.92432	3.13824	4.92432
-3.04028	-4.37672	-3.04028	-4.37672
4.38115	1.6309	4.38115	1.6309
4.81767	-5.16235	4.81767	-5.16235
4.56202	3.04399	4.56202	3.04399
1.73762	-3.67631	1.73762	-3.67631
4.77887	-1.06769	4.77887	-1.06769
4.9661	1.25331	4.9661	1.25331
4.01682	1.50754	4.01682	1.50754
0.801525	2.43823	0.801525	2.43823
-0.532852	-3.84187	-0.532852	-3.84187
4.92948	0.583745	4.92948	0.583745
4.39105	-0.128686	4.39105	-0.128686
-1.10731	3.89209	-1.10731	3.89209
2.14726	-2.64089	2.14726	-2.64089
5.17401	-0.17155	5.17401	-0.17155
1.91767	0.403316	1.91767	0.403316
4.4824	1.68069	4.4824	1.68069
4.92787	-1.89518	4.92787	-1.89518
4.14572	-0.387111	4.14572	-0.387111
2.10793	4.53647	2.10793	4.53647
0.433798	4.48849	0.433798	4.48849
4.96108	-1.69663	4.96108	-1.69663
0.158255	5.59112	0.158255	5.59112
3.25583	0.242916	3.25583	0.242916
2.92093	0.199246	2.92093	0.199246
2.5411	0.74607	2.5411	0.74607
1.45438	-3.91759	1.45438	-3.91759
4.49803	1.66154	4.49803	1.66154
1.4335	5.57604	1.4335	5.57604
5.02852	0.934891	5.02852	0.934891
4.0054	0.0563555	4.0054	0.0563555
3.85564	2.95956	3.85564	2.95956
3.35614	-0.619328	3.35614	-0.619328
4.42413	2.57687	4.42413	2.57687
1.49285	-3.4668	1.49285	-3.4668
-0.328677	-5.76262	-0.328677	-5.76262
0.665039	-3.22605	0.665039	-3.22605
5.28753	-2.34743	5.28753	-2.34743
7.48346	-1.85673	7.48346	-1.85673
2.28518	0.340741	2.28518	0.340741
3.5393	3.36805	3.5393	3.36805
0.960621	-2.89556	0.960621	-2.89556
-2.45528	1.54653	-2.45528	1.54653
4.32528	-1.28893	4.32528	-1.28893
3.1391	-1.56141	3.1391	-1.56141
-3.70287	2.90394	-3.70287	2.90394
3.28159	1.6992	3.28159	1.6992
1.14002	-2.45446	1.14002	-2.45446
4.56417	-0.156631	4.56417	-0.156631
4.43795	0.946973	4.43795	0.946973
-2.91274	5.77382	-2.91274	5.77382
2.03479	1.94491	2.03479	1.94491
3.76538	2.9536	3.76538	2.9536
1.68946	1.30667	1.68946	1.30667
0.647031	5.39696	0.647031	5.39696
5.79544	2.24128	5.79544	2.24128
1.1162	1.16101	1.1162	1.16101
2.10648	-4.15669	2.10648	-4.15669
4.65946	-1.00576	4.65946	-1.00576
4.25831	-2.13979	4.25831	-2.13979
4.36892	-0.937521	4.36892	-0.937521
3.56927	-2.35794	3.56927	-2.35794
2.91744	3.24622	2.91744	3.24622
4.11275	2.24595	4.11275	2.24595
5.4856	2.65131	5.4856	2.65131
3.70032	7.26639	3.70032	7.26639
2.542	-1.51682	2.542	-1.51682
1.46434	-4.07605	1.46434	-4.07605
2.58295	0.222051	2.58295	0.222051
3.89094	2.51572	3.89094	2.51572
3.01317	3.33131	3.01317	3.33131
1.17955	2.54283	1.17955	2.54283
3.17151	-0.667398	3.17151	-0.667398
5.27963	0.231932	5.27963	0.231932
4.13828	3.66324	4.13828	3.66324
1.90946	5.42238	1.90946	5.42238
0.494037	3.30087	0.494037	3.30087
3.20315	-3.49179	3.20315	-3.49179
0.786861	-3.6759	0.786861	-3.6759
4.58315	1.17681	4.58315	1.17681
0.840185	-3.26938	0.840185	-3.26938
3.21367	4.35713	3.21367	4.35713
3.06155	3.10454	3.06155	3.10454
-1.12246	0.202362	-1.12246	0.202362
-2.38284	-6.52075	-2.38284	-6.52075
2.62728	2.87967	2.62728	2.87967
3.28205	3.68877	3.28205	3.68877
1.84015	1.53019	1.84015	1.53019
4.11034	2.31451	4.11034	2.31451
-5.10769	-4.37016	-5.10769	-4.37016
3.12446	1.26825	3.12446	1.26825
5.86784	-0.291323	5.86784	-0.291323
5.04465	1.39756	5.04465	1.39756
4.52049	-4.51814	4.52049	-4.51814
3.95177	-2.63334	3.95177	-2.63334
2.62041	-0.914227	2.62041	-0.914227
-2.29427	2.20055	-2.29427	2.20055
3.95174	6.27906	3.95174	6.27906
5.85317	-0.0929849	5.85317	-0.0929849
-2.23601	6.51266	-2.23601	6.51266
4.54113	-0.103457	4.54113	-0.103457
0.328816	0.253735	0.328816	0.253735
4.26113	1.81764	4.26113	1.81764
3.86598	3.66393	3.86598	3.66393
2.16623	-1.84859	2.16623	-1.84859
1.41569	-4.70607	1.41569	-4.70607
0.295064	-5.46686	0.295064	-5.46686
3.68896	2.70016	3.68896	2.70016
2.09119	-2.5669	2.09119	-2.5669
2.40841	-1.55936	2.40841	-1.55936
0.467218	-2.42319	0.467218	-2.42319
3.23434	3.28197	3.23434	3.28197
3.46365	4.26302	3.46365	4.26302
1.44876	6.14519	1.44876	6.14519
-0.795379	2.9651	-0.795379	2.9651
0.309572	4.30052	0.309572	4.30052
5.68448	4.5816	5.68448	4.5816
0.756717	6.38477	0.756717	6.38477
0.802525	-3.71478	0.802525	-3.71478
-0.383601	1.42245	-0.383601	1.42245
0.263732	-0.765145	0.263732	-0.765145
-3.18838	-1.83022	-3.18838	-1.83022
-2.51939	1.27418	-2.51939	1.27418
1.05465	1.75657	1.05465	1.75657
2.11695	4.35094	2.11695	4.35094
4.71366	3.83368	4.71366	3.83368
3.37172	2.81957	3.37172	2.81957
0.759975	-2.79191	0.759975	-2.79191
2.95118	-3.47277	2.95118	-3.47277
6.24403	-0.378399	6.24403	-0.378399
5.06767	0.908152	5.06767	0.908152
3.95128	2.52221	3.95128	2.52221
6.23247	-1.29823	6.23247	-1.29823
2.2179	-0.545122	2.2179	-0.545122
4.1146	2.04315	4.1146	2.04315
3.22229	-2.79758	3.22229	-2.79758
4.33294	0.209866	4.33294	0.209866
4.06619	2.40314	4.06619	2.40314
-0.744816	-3.16608	-0.744816	-3.16608
6.01199	-0.569051	6.01199	-0.569051
0.209466	1.27069	0.209466	1.27069
4.29545	2.887	4.29545	2.887
2.44557	6.2587	2.44557	6.2587
3.16019	1.18363	3.16019	1.18363
-2.21094	-1.53775	-2.21094	-1.53775
-1.14226	6.18545	-1.14226	6.18545
1.16346	-5.31786	1.16346	-5.31786
2.97702	4.36702	2.97702	4.36702
4.6108	-0.434159	4.6108	-0.434159
0.433831	4.39793	0.433831	4.39793
2.49296	-2.05196	2.49296	-2.05196
-1.19886	4.24758	-1.19886	4.24758
3.74489	-1.02562	3.74489	-1.02562
-4.71368	-0.729215	-4.71368	-0.729215
2.8315	2.18268	2.8315	2.18268
3.3365	3.98783	3.3365	3.98783
2.5286	-4.53791	2.5286	-4.53791
-1.69126	3.41972	-1.69126	3.41972
4.72559	-2.32003	4.72559	-2.32003
1.56504	-0.375677	1.56504	-0.375677
3.53173	-4.10003	3.53173	-4.10003
1.96655	-0.364163	1.96655	-0.364163
2.06412	2.54605	2.06412	2.54605
3.42207	3.95555	3.42207	3.95555
-1.48259	5.82061	-1.48259	5.82061
3.92651	2.44285	3.92651	2.44285
4.72954	1.61413	4.72954	1.61413
1.67424	6.16774	1.67424	6.16774
0.902721	-2.7526	0.902721	-2.7526
2.65133	4.36025	2.65133	4.36025
2.52712	2.93668	2.52712	2.93668
4.50028	3.36321	4.50028	3.36321
4.31538	5.66865	4.31538	5.66865
2.44081	5.57232	2.44081	5.57232
1.78309	-0.528319	1.78309	-0.528319
4.60078	-2.68128	4.60078	-2.68128
2.63386	3.64988	2.63386	3.64988
5.81426	0.339396	5.81426	0.339396
1.75084	0.164206	1.75084	0.164206
-0.644729	2.49972	-0.644729	2.49972
5.22573	-2.65782	5.22573	-2.65782
5.17825	3.29159	5.17825	3.29159
2.89724	0.373162	2.89724	0.373162
-2.53511	-2.42894	-2.53511	-2.42894
4.61442	1.73339	4.61442	1.73339
4.2524	2.07878	4.2524	2.07878
-6.60975	3.69748	-6.60975	3.69748
-0.319359	4.07619	-0.319359	4.07619
-0.0355129	-6.60139	-0.0355129	-6.60139
4.3156	-3.02476	4.3156	-3.02476
4.4883	-0.24128	4.4883	-0.24128
-1.35507	6.25019	-1.35507	6.25019
2.59395	0.835476	2.59395	0.835476
2.63624	5.61625	2.63624	5.61625
-6.07187	-2.0753	-6.07187	-2.0753
3.52565	0.496065	3.52565	0.496065
5.12002	-2.03377	5.12002	-2.03377
2.15894	-4.59155	2.15894	-4.59155
4.72427	5.32382	4.72427	5.32382
4.28118	2.58902	4.28118	2.58902
3.8424	3.5895	3.8424	3.5895
2.00818	0.97692	2.00818	0.97692
0.171721	3.79183	0.171721	3.79183
4.42524	-0.31935	4.42524	-0.31935
2.1784	0.22628	2.1784	0.22628
2.01877	-0.14023	2.01877	-0.14023
4.25109	1.28321	4.25109	1.28321
2.2933	1.01855	2.2933	1.01855
2.25108	-4.18855	2.25108	-4.18855
-1.12143	0.130614	-1.12143	0.130614
3.36173	3.99325	3.36173	3.99325
-4.9032	3.6929	-4.9032	3.6929
4.92322	1.04038	4.92322	1.04038
1.18654	6.75139	1.18654	6.75139
0.982247	4.12179	0.982247	4.12179
-2.12663	-5.1686	-2.12663	-5.1686
3.80012	4.4511	3.80012	4.4511
0.0157595	2.80599	0.0157595	2.80599
3.33092	4.9468	3.33092	4.9468
2.08744	-4.47644	2.08744	-4.47644
3.47533	2.6057	3.47533	2.6057
3.26489	5.1898	3.26489	5.1898
3.35764	3.74713	3.35764	3.74713
1.72826	2.72817	1.72826	2.72817
2.26289	3.26198	2.26289	3.26198
6.38516	2.07507	6.38516	2.07507
3.37918	1.95187	3.37918	1.95187
0.468718	-3.49045	0.468718	-3.49045
2.31441	-1.53511	2.31441	-1.53511
3.80585	-4.38705	3.80585	-4.38705
6.89462	4.20578	6.89462	4.20578
2.94733	-3.06898	2.94733	-3.06898
0.42693	-0.932981	0.42693	-0.932981
5.007	1.02746	5.007	1.02746
-2.69615	5.36086	-2.69615	5.36086
1.09589	-0.762327	1.09589	-0.762327
-0.874532	-3.13649	-0.874532	-3.13649
-1.08075	-1.43746	-1.08075	-1.43746
3.61807	4.17078	3.61807	4.17078
2.30188	0.929116	2.30188	0.929116
1.82053	4.99167	1.82053	4.99167
-1.31372	-1.73895	-1.31372	-1.73895
4.60943	1.07097	4.60943	1.07097
1.84691	2.58539	1.84691	2.58539
1.36222	4.97896	1.36222	4.97896
1.5945	-0.695152	1.5945	-0.695152
4.45625	2.11588	4.45625	2.11588
2.15828	4.70205	2.15828	4.70205
2.47581	-1.95639	2.47581	-1.95639
4.35857	1.36766	4.35857	1.36766
4.19232	2.09769	4.19232	2.09769
3.96431	2.77892	3.96431	2.77892
4.05333	-2.57709	4.05333	-2.57709
2.89508	-0.626695	2.89508	-0.626695
2.69268	0.622528	2.69268	0.622528
0.720741	4.83934	0.720741	4.83934
0.225341	0.623591	0.225341	0.623591
2.9075	2.74488	2.9075	2.74488
5.3734	0.531928	5.3734	0.531928
5.02616	1.77153	5.02616	1.77153
3.61109	-2.81002	3.61109	-2.81002
4.75122	2.51407	4.75122	2.51407
-1.12292	5.01479	-1.12292	5.01479
4.37357	-2.97385	4.37357	-2.97385
0.488224	-3.3377	0.488224	-3.3377
4.58772	-2.59802	4.58772	-2.59802
-1.68257	3.49737	-1.68257	3.49737
-1.36741	-2.47924	-1.36741	-2.47924
2.22777	-4.30029	2.22777	-4.30029
1.98816	3.42479	1.98816	3.42479
0.194448	5.32739	0.194448	5.32739
1.73984	4.27792	1.73984	4.27792
-0.211877	-1.64046	-0.211877	-1.64046
0.457449	4.03628	0.457449	4.03628
2.23657	4.15008	2.23657	4.15008
2.63263	6.54996	2.63263	6.54996
-2.46997	2.66233	-2.46997	2.66233
0.0198088	4.29564	0.0198088	4.29564
2.60437	1.03876	2.60437	1.03876
3.95009	-0.318911	3.95009	-0.318911
5.37193	-0.26376	5.37193	-0.26376
3.39004	3.19566	3.39004	3.19566
-0.186186	6.06559	-0.186186	6.06559
-1.98978	4.07276	-1.98978	4.07276
7.42034	-0.184092	7.42034	-0.184092
0.410245	4.73329	0.410245	4.73329
4.78558	0.352255	4.78558	0.352255
2.42167	4.75844	2.42167	4.75844
4.55829	0.548797	4.55829	0.548797
4.01368	3.66951	4.01368	3.66951
0.204876	5.4018	0.204876	5.4018
6.55268	2.36463	6.55268	2.36463
0.186063	6.08218	0.186063	6.08218
3.54899	-1.65091	3.54899	-1.65091
4.5827	1.50959	4.5827	1.50959
0.564681	1.91946	0.564681	1.91946
0.216099	-0.372885	0.216099	-0.372885
4.32254	2.5424	4.32254	2.5424
4.59498	1.68819	4.59498	1.68819
1.28531	-0.926078	1.28531	-0.926078
-0.589543	5.56293	-0.589543	5.56293
4.3284	2.21573	4.3284	2.21573
-0.277636	1.6419	-0.277636	1.6419
1.16612	4.1156	1.16612	4.1156
3.93246	6.30077	3.93246	6.30077
4.72689	-0.500836	4.72689	-0.500836
2.41766	0.145414	2.41766	0.145414
-6.04657	0.611989	-6.04657	0.611989
0.564433	0.0378881	0.564433	0.0378881
4.58873	3.82225	4.58873	3.82225
-0.545084	2.15963	-0.545084	2.15963
4.10281	-0.118596	4.10281	-0.118596
0.645496	4.79429	0.645496	4.79429
0.770076	0.301142	0.770076	0.301142
4.50678	-2.66917	4.50678	-2.66917
2.08193	-0.240877	2.08193	-0.240877
2.90486	3.94598	2.90486	3.94598
1.9424	-2.35224	1.9424	-2.35224
6.25297	2.83311	6.25297	2.83311
2.56955	-1.88351	2.56955	-1.88351
3.94796	2.16935	3.94796	2.16935
4.43688	2.07169	4.43688	2.07169
-0.790915	1.10353	-0.790915	1.10353
3.89606	-1.00839	3.89606	-1.00839
1.13978	-2.40697	1.13978	-2.40697
4.86225	0.222565	4.86225	0.222565
3.56873	2.47279	3.56873	2.47279
-1.0741	6.06982	-1.0741	6.06982
4.71315	1.59623	4.71315	1.59623
4.82914	0.863977	4.82914	0.863977
3.68996	-1.25987	3.68996	-1.25987
-1.1428	-3.92688	-1.1428	-3.92688
4.15785	-2.68857	4.15785	-2.68857
4.50782	-0.12949	4.50782	-0.12949
3.21481	7.992	3.21481	7.992
4.24382	3.98831	4.24382	3.98831
4.76345	-0.935046	4.76345	-0.935046
3.95566	4.7962	3.95566	4.7962
0.39854	3.87963	0.39854	3.87963
4.7552	1.40181	4.7552	1.40181
2.91968	4.41692	2.91968	4.41692
0.00912094	1.9493	0.00912094	1.9493
1.17744	4.93664	1.17744	4.93664
-2.94534	3.42583	-2.94534	3.42583
-4.27793	0.089673	-4.27793	0.089673
5.75211	-0.210347	5.75211	-0.210347
2.06167	1.45787	2.06167	1.45787
0.352104	5.94772	0.352104	5.94772
2.4153	-3.24705	2.4153	-3.24705
3.13791	2.99529	3.13791	2.99529
4.37517	0.970832	4.37517	0.970832
1.22748	-0.480347	1.22748	-0.480347
1.98922	2.23629	1.98922	2.23629
3.02712	4.90688	3.02712	4.90688
3.02918	1.90157	3.02918	1.90157
0.133646	5.60691	0.133646	5.60691
4.14044	4.16934	4.14044	4.16934
4.49742	1.67105	4.49742	1.67105
3.46501	-3.38181	3.46501	-3.38181
-1.32058	3.18319	-1.32058	3.18319
3.36094	-3.56348	3.36094	-3.56348
1.91789	6.18336	1.91789	6.18336
2.40914	-3.91377	2.40914	-3.91377
4.36158	2.83623	4.36158	2.83623
2.95551	-2.85797	2.95551	-2.85797
4.62995	2.51207	4.62995	2.51207
2.02658	3.15449	2.02658	3.15449
5.70488	1.58831	5.70488	1.58831
0.0264111	-0.361941	0.0264111	-0.361941
2.29935	4.29917	2.29935	4.29917
3.0896	4.71711	3.0896	4.71711
0.888537	2.34736	0.888537	2.34736
2.99069	3.39325	2.99069	3.39325
4.44245	2.51393	4.44245	2.51393
2.74024	-3.01994	2.74024	-3.01994
4.98979	-0.720193	4.98979	-0.720193
2.98148	0.36866	2.98148	0.36866
2.74275	4.29789	2.74275	4.29789
-4.01161	-0.0589237	-4.01161	-0.0589237
3.66935	0.6916	3.66935	0.6916
0.813603	-1.00518	0.813603	-1.00518
3.27623	3.07164	3.27623	3.07164
3.47224	-4.05893	3.47224	-4.05893
1.84143	4.44035	1.84143	4.44035
3.80751	-0.314435	3.80751	-0.314435
4.77873	3.37718	4.77873	3.37718
-5.12501	4.07127	-5.12501	4.07127
1.02524	4.2559	1.02524	4.2559
-0.775834	0.74698	-0.775834	0.74698
2.95461	-1.85986	2.95461	-1.85986
4.90122	1.19247	4.90122	1.19247
1.30724	-1.6875	1.30724	-1.6875
0.362238	5.62872	0.362238	5.62872
3.55038	-3.23901	3.55038	-3.23901
3.07855	-0.563612	3.07855	-0.563612
-1.0986	-1.51493	-1.0986	-1.51493
2.96916	3.7243	2.96916	3.7243
3.0027	3.84383	3.0027	3.84383
-0.539374	2.5969	-0.539374	2.5969
3.11364	4.84606	3.11364	4.84606
5.5898	-1.78322	5.5898	-1.78322
0.574555	3.08374	0.574555	3.08374
5.14819	-2.024	5.14819	-2.024
2.45143	-4.85577	2.45143	-4.85577
3.04339	4.70914	3.04339	4.70914
-0.653766	3.97216	-0.653766	3.97216
3.69604	3.19752	3.69604	3.19752
0.563783	4.89517	0.563783	4.89517
5.68505	-0.953113	5.68505	-0.953113
5.68971	-0.251908	5.68971	-0.251908
3.93932	1.28056	3.93932	1.28056
2.76526	3.96577	2.76526	3.96577
2.57653	1.29627	2.57653	1.29627
0.58804	0.0451078	0.58804	0.0451078
3.0225	3.75436	3.0225	3.75436
1.73444	-0.383635	1.73444	-0.383635
4.62559	-1.67777	4.62559	-1.67777
2.97777	2.39392	2.97777	2.39392
-1.42242	4.86654	-1.42242	4.86654
2.03791	5.76855	2.03791	5.76855
4.51706	1.10119	4.51706	1.10119
2.76553	4.47105	2.76553	4.47105
4.94857	4.72636	4.94857	4.72636
-0.840394	2.10078	-0.840394	2.10078
2.91901	0.273532	2.91901	0.273532
3.64454	-0.106747	3.64454	-0.106747
4.30063	0.376699	4.30063	0.376699
5.88109	1.46819	5.88109	1.46819
-3.29257	-7.05782	-3.29257	-7.05782
3.79298	1.69505	3.79298	1.69505
4.59992	1.78399	4.59992	1.78399
2.78837	3.67787	2.78837	3.67787
1.89934	-4.81544	1.89934	-4.81544
-3.21652	-1.09115	-3.21652	-1.09115
3.60338	4.26571	3.60338	4.26571
2.07579	4.77719	2.07579	4.77719
1.94593	3.51586	1.94593	3.51586
0.889952	5.92371	0.889952	5.92371
-1.33196	5.44954	-1.33196	5.44954
0.361867	-3.28694	0.361867	-3.28694
1.15692	2.82578	1.15692	2.82578
1.89151	4.29352	1.89151	4.29352
0.53796	-0.866632	0.53796	-0.866632
3.44565	-3.50635	3.44565	-3.50635
-4.04024	2.22068	-4.04024	2.22068
2.63528	0.337478	2.63528	0.337478
5.23151	-0.669393	5.23151	-0.669393
2.73717	4.54544	2.73717	4.54544
-0.171672	-2.94627	-0.171672	-2.94627
2.87766	0.763478	2.87766	0.763478
5.18558	-0.00510097	5.18558	-0.00510097
4.60984	2.2125	4.60984	2.2125
4.14814	3.40709	4.14814	3.40709
4.178	0.650164	4.178	0.650164
-0.365901	4.17343	-0.365901	4.17343
-2.45192	-4.70991	-2.45192	-4.70991
3.38111	7.32803	3.38111	7.32803
0.975264	1.53904	0.975264	1.53904
1.53711	5.71847	1.53711	5.71847
0.726251	-4.67984	0.726251	-4.67984
3.69066	2.72439	3.69066	2.72439
1.81069	5.36528	1.81069	5.36528
1.9398	-1.27652	1.9398	-1.27652
3.55457	6.2096	3.55457	6.2096
3.37164	5.29864	3.37164	5.29864
1.1433	3.47123	1.1433	3.47123
4.42948	-0.76624	4.42948	-0.76624
2.83636	3.12779	2.83636	3.12779
0.323856	3.93568	0.323856	3.93568
3.17107	4.03964	3.17107	4.03964
2.93793	-2.073	2.93793	-2.073
4.66092	0.251489	4.66092	0.251489
0.207733	-6.53034	0.207733	-6.53034
3.98978	4.31897	3.98978	4.31897
3.24765	5.83322	3.24765	5.83322
0.859208	4.15362	0.859208	4.15362
4.2443	2.81633	4.2443	2.81633
0.118828	-3.4375	0.118828	-3.4375
5.0712	0.254093	5.0712	0.254093
4.43246	4.56615	4.43246	4.56615
-4.89287	5.27069	-4.89287	5.27069
2.64959	1.82454	2.64959	1.82454
5.72928	-1.02948	5.72928	-1.02948
3.30469	-2.15102	3.30469	-2.15102
3.33333	-0.85781	3.33333	-0.85781
-4.37612	-4.97329	-4.37612	-4.97329
2.44191	-2.34839	2.44191	-2.34839
2.95344	2.61774	2.95344	2.61774
-0.642176	3.96886	-0.642176	3.96886
2.70151	1.16805	2.70151	1.16805
2.90327	-3.1238	2.90327	-3.1238
3.66844	1.09123	3.66844	1.09123
0.319672	2.56362	0.319672	2.56362
4.42406	3.17569	4.42406	3.17569
2.43553	3.03941	2.43553	3.03941
0.940969	0.610729	0.940969	0.610729
-1.76899	7.74231	-1.76899	7.74231
5.99283	1.43316	5.99283	1.43316
-2.4552	0.998616	-2.4552	0.998616
3.73515	-0.0950079	3.73515	-0.0950079
2.39227	3.34588	2.39227	3.34588
-3.99879	6.28256	-3.99879	6.28256
4.16777	0.951198	4.16777	0.951198
2.94348	0.384576	2.94348	0.384576
3.43297	5.08604	3.43297	5.08604
1.94057	-1.2777	1.94057	-1.2777
0.174279	3.47739	0.174279	3.47739
3.89854	0.72526	3.89854	0.72526
3.64789	2.44904	3.64789	2.44904
3.98575	-0.475342	3.98575	-0.475342
-0.467556	4.93125	-0.467556	4.93125
4.64356	0.633857	4.64356	0.633857
1.12237	-0.307546	1.12237	-0.307546
2.4271	4.835	2.4271	4.835
4.5508	1.22994	4.5508	1.22994
5.5478	1.2133	5.5478	1.2133
4.77684	-1.79059	4.77684	-1.79059
-0.811935	-5.58094	-0.811935	-5.58094
-2.96247	-3.54477	-2.96247	-3.54477
1.58493	0.486995	1.58493	0.486995
-1.29952	-6.89145	-1.29952	-6.89145
2.66613	0.096663	2.66613	0.096663
3.73259	-1.80283	3.73259	-1.80283
5.8372	1.71975	5.8372	1.71975
0.492773	1.83886	0.492773	1.83886
3.39282	-1.95276	3.39282	-1.95276
3.44077	3.96457	3.44077	3.96457
-3.25294	4.3861	-3.25294	4.3861
5.8466	0.0909302	5.8466	0.0909302
2.43637	4.62994	2.43637	4.62994
2.20283	1.64263	2.20283	1.64263
3.82735	-0.38371	3.82735	-0.38371
-2.12088	-0.252381	-2.12088	-0.252381
-5.72831	-2.65938	-5.72831	-2.65938
0.491826	3.80911	0.491826	3.80911
-1.5495	5.6215	-1.5495	5.6215
1.00471	-1.5807	1.00471	-1.5807
3.32996	3.32229	3.32996	3.32229
3.28589	-0.919872	3.28589	-0.919872
-0.0821633	3.1319	-0.0821633	3.1319
2.64746	4.52905	2.64746	4.52905
-0.89636	-4.37152	-0.89636	-4.37152
-1.57691	-7.11933	-1.57691	-7.11933
2.12647	4.65056	2.12647	4.65056
1.48627	3.85518	1.48627	3.85518
3.87844	1.6783	3.87844	1.6783
3.02947	3.95663	3.02947	3.95663
0.699738	2.34506	0.699738	2.34506
-0.400842	3.39833	-0.400842	3.39833
1.05948	3.92923	1.05948	3.92923
3.5805	5.92383	3.5805	5.92383
2.81194	2.79874	2.81194	2.79874
0.506188	2.84961	0.506188	2.84961
3.74149	-0.0345721	3.74149	-0.0345721
1.31842	-4.80387	1.31842	-4.80387
3.18024	-4.18902	3.18024	-4.18902
5.68167	4.74172	5.68167	4.74172
-1.41783	5.57067	-1.41783	5.57067
-0.938995	0.524451	-0.938995	0.524451
3.46416	0.629259	3.46416	0.629259
2.2473	5.34232	2.2473	5.34232
1.17433	1.74758	1.17433	1.74758
4.74888	0.573584	4.74888	0.573584
7.94018	2.5559	7.94018	2.5559
6.23484	3.46562	6.23484	3.46562
3.0161	-1.63784	3.0161	-1.63784
3.16874	6.89209	3.16874	6.89209
-5.64724	4.69114	-5.64724	4.69114
4.07926	1.29243	4.07926	1.29243
3.94012	2.69974	3.94012	2.69974
4.35986	0.0879068	4.35986	0.0879068
0.709671	6.72349	0.709671	6.72349
-1.30469	-2.74054	-1.30469	-2.74054
5.13777	1.65516	5.13777	1.65516
2.22456	3.52221	2.22456	3.52221
-0.135928	1.22949	-0.135928	1.22949
2.12735	1.19274	2.12735	1.19274
1.79157	4.15493	1.79157	4.15493
2.15629	-0.335471	2.15629	-0.335471
2.49461	4.99763	2.49461	4.99763
3.29498	3.8537	3.29498	3.8537
4.2918	2.82579	4.2918	2.82579
4.71879	1.58155	4.71879	1.58155
-2.19663	-2.45229	-2.19663	-2.45229
3.92314	0.205411	3.92314	0.205411
3.99254	-1.22598	3.99254	-1.22598
5.48768	3.00698	5.48768	3.00698
4.08044	1.43071	4.08044	1.43071
5.51704	2.15363	5.51704	2.15363
4.32754	2.29466	4.32754	2.29466
2.06699	-3.02524	2.06699	-3.02524
5.11526	1.10649	5.11526	1.10649
2.48193	2.35663	2.48193	2.35663
4.65902	1.32832	4.65902	1.32832
3.5317	-0.138669	3.5317	-0.138669
1.90074	4.57158	1.90074	4.57158
2.91984	-0.382102	2.91984	-0.382102
1.89784	4.88639	1.89784	4.88639
0.963828	-3.78326	0.963828	-3.78326
-0.304509	5.97277	-0.304509	5.97277
3.85031	-0.872366	3.85031	-0.872366
1.82031	1.76277	1.82031	1.76277
3.66899	4.10893	3.66899	4.10893
1.89683	4.64156	1.89683	4.64156
4.82429	-1.01425	4.82429	-1.01425
1.02891	-0.486873	1.02891	-0.486873
5.29346	1.38737	5.29346	1.38737
4.82892	-1.2573	4.82892	-1.2573
4.65482	1.74407	4.65482	1.74407
-3.69415	-2.11131	-3.69415	-2.11131
-1.36516	-0.399509	-1.36516	-0.399509
3.67712	3.43389	3.67712	3.43389
3.7799	4.54769	3.7799	4.54769
3.73054	5.84703	3.73054	5.84703
0.387824	5.8177	0.387824	5.8177
-1.11296	-5.1071	-1.11296	-5.1071
3.75656	3.20746	3.75656	3.20746
3.15848	6.58673	3.15848	6.58673
1.07745	-4.74253	1.07745	-4.74253
2.76333	-0.940171	2.76333	-0.940171
1.99831	-1.36785	1.99831	-1.36785
3.93398	-1.64581	3.93398	-1.64581
3.34172	0.699324	3.34172	0.699324
2.98144	1.24379	2.98144	1.24379
-0.257677	-0.450471	-0.257677	-0.450471
0.20547	5.59775	0.20547	5.59775
2.04909	5.0806	2.04909	5.0806
5.37259	-2.82761	5.37259	-2.82761
4.98451	0.0881932	4.98451	0.0881932
4.77631	2.74088	4.77631	2.74088
2.27684	0.22772	2.27684	0.22772
4.16531	2.98138	4.16531	2.98138
2.65153	-0.323843	2.65153	-0.323843
6.01721	3.33361	6.01721	3.33361
3.64382	3.30121	3.64382	3.30121
-2.09705	1.94834	-2.09705	1.94834
0.287057	5.92552	0.287057	5.92552
6.43634	1.47964	6.43634	1.47964
-0.310327	2.2848	-0.310327	2.2848
0.0827136	1.10246	0.0827136	1.10246
2.60479	4.5423	2.60479	4.5423
2.14893	0.576956	2.14893	0.576956
0.733924	-2.7025	0.733924	-2.7025
0.660271	-1.79192	0.660271	-1.79192
3.58775	3.32622	3.58775	3.32622
4.23863	1.16319	4.23863	1.16319
4.2931	1.84238	4.2931	1.84238
4.40879	3.60446	4.40879	3.60446
-2.0285	1.46333	-2.0285	1.46333
1.02386	3.37905	1.02386	3.37905
-2.41358	-5.42369	-2.41358	-5.42369
2.91089	-1.08998	2.91089	-1.08998
2.47918	5.32991	2.47918	5.32991
3.76238	1.28051	3.76238	1.28051
-4.54199	-6.4529	-4.54199	-6.4529
3.82614	2.36456	3.82614	2.36456
0.94054	1.58375	0.94054	1.58375
4.53227	2.82855	4.53227	2.82855
2.64386	-4.97602	2.64386	-4.97602
-3.50686	5.33769	-3.50686	5.33769
3.8119	0.293664	3.8119	0.293664
4.77069	1.87506	4.77069	1.87506
3.84556	-3.14657	3.84556	-3.14657
0.843457	2.64802	0.843457	2.64802
1.05825	1.03027	1.05825	1.03027
0.993007	-1.95261	0.993007	-1.95261
4.8161	1.74664	4.8161	1.74664
2.27497	-3.30971	2.27497	-3.30971
2.53606	4.41872	2.53606	4.41872
3.13119	3.07488	3.13119	3.07488
-5.27124	4.24512	-5.27124	4.24512
0.273101	5.00205	0.273101	5.00205
2.37328	-1.39673	2.37328	-1.39673
1.06783	5.39973	1.06783	5.39973
-0.979499	-3.14609	-0.979499	-3.14609
5.38263	0.122201	5.38263	0.122201
1.99238	5.33835	1.99238	5.33835
4.45186	1.25362	4.45186	1.25362
3.51503	-0.721997	3.51503	-0.721997
2.28074	5.13708	2.28074	5.13708
0.622266	3.06455	0.622266	3.06455
4.95602	-3.08195	4.95602	-3.08195
4.68486	1.43436	4.68486	1.43436
-2.02881	1.37297	-2.02881	1.37297
1.57627	-2.5431	1.57627	-2.5431
4.29462	-0.767838	4.29462	-0.767838
1.65722	-4.00473	1.65722	-4.00473
5.50312	1.19237	5.50312	1.19237
4.4997	2.69796	4.4997	2.69796
3.54048	3.21574	3.54048	3.21574
-0.103851	-3.45921	-0.103851	-3.45921
7.84735	3.93056	7.84735	3.93056
2.19483	-0.111076	2.19483	-0.111076
2.96881	2.47962	2.96881	2.47962
1.25649	0.130409	1.25649	0.130409
1.55137	1.80362	1.55137	1.80362
3.93082	2.43399	3.93082	2.43399
3.50991	-2.38626	3.50991	-2.38626
4.79782	0.895422	4.79782	0.895422
2.53071	6.819	2.53071	6.819
6.66317	0.993955	6.66317	0.993955
1.12289	-3.61269	1.12289	-3.61269
3.01111	-2.77	3.01111	-2.77
5.00066	3.43845	5.00066	3.43845
3.95817	0.926196	3.95817	0.926196
4.87598	-1.61309	4.87598	-1.61309
5.6876	3.55419	5.6876	3.55419
4.85122	-2.08429	4.85122	-2.08429
4.04284	-0.423347	4.04284	-0.423347
0.707035	-3.78881	0.707035	-3.78881
-1.68019	2.44095	-1.68019	2.44095
1.65489	1.94926	1.65489	1.94926
1.91972	-2.41505	1.91972	-2.41505
0.0718718	3.70295	0.0718718	3.70295
5.40684	-0.351082	5.40684	-0.351082
3.76197	3.8256	3.76197	3.8256
4.93209	-3.73423	4.93209	-3.73423
5.15895	0.803744	5.15895	0.803744
2.82978	-1.29541	2.82978	-1.29541
3.72724	-2.02214	3.72724	-2.02214
3.61756	-2.54117	3.61756	-2.54117
1.99492	-4.76478	1.99492	-4.76478
-0.347869	0.31887	-0.347869	0.31887
-3.23951	0.0634007	-3.23951	0.0634007
2.98645	2.05109	2.98645	2.05109
1.64072	-2.14143	1.64072	-2.14143
3.2088	5.49657	3.2088	5.49657
3.69024	-0.953533	3.69024	-0.953533
3.76978	4.25081	3.76978	4.25081
-0.70553	-0.72482	-0.70553	-0.72482
4.46939	2.675	4.46939	2.675
3.82696	6.3989	3.82696	6.3989
3.54297	0.283853	3.54297	0.283853
6.42619	0.96957	6.42619	0.96957
2.82498	1.31209	2.82498	1.31209
2.53505	1.38784	2.53505	1.38784
3.94334	-3.25053	3.94334	-3.25053
-0.21953	5.22078	-0.21953	5.22078
3.4492	0.829477	3.4492	0.829477
-0.975379	7.34066	-0.975379	7.34066
2.99067	2.79855	2.99067	2.79855
2.39616	-0.28292	2.39616	-0.28292
5.32897	0.907909	5.32897	0.907909
4.06382	2.44838	4.06382	2.44838
4.95469	3.32012	4.95469	3.32012
3.68604	2.07438	3.68604	2.07438
1.97683	4.70759	1.97683	4.70759
3.01835	3.81738	3.01835	3.81738
0.0995994	-0.539996	0.0995994	-0.539996
2.57769	0.361187	2.57769	0.361187
3.72005	4.20858	3.72005	4.20858
2.34975	4.24262	2.34975	4.24262
4.54262	-4.60681	4.54262	-4.60681
5.30192	1.48429	5.30192	1.48429
2.35921	4.3796	2.35921	4.3796
2.03601	-0.0300131	2.03601	-0.0300131
8.03765	2.65299	8.03765	2.65299
4.32095	3.46758	4.32095	3.46758
1.38494	1.17154	1.38494	1.17154
4.53216	2.52759	4.53216	2.52759
4.08919	-1.83853	4.08919	-1.83853
1.45229	1.00853	1.45229	1.00853
4.70232	-0.66338	4.70232	-0.66338
0.903438	-3.12755	0.903438	-3.12755
2.94296	-2.26454	2.94296	-2.26454
4.04147	-0.0105481	4.04147	-0.0105481
-2.43207	3.00095	-2.43207	3.00095
3.639	2.7978	3.639	2.7978
3.73148	4.3755	3.73148	4.3755
3.57377	-0.243869	3.57377	-0.243869
2.58091	-0.989273	2.58091	-0.989273
4.86881	-1.77672	4.86881	-1.77672
2.47863	0.638217	2.47863	0.638217
0.00400543	2.60918	0.00400543	2.60918
-0.585618	0.0189767	-0.585618	0.0189767
-0.0159454	-1.34705	-0.0159454	-1.34705
3.08744	3.60074	3.08744	3.60074
5.51174	2.27791	5.51174	2.27791
1.69681	-3.29434	1.69681	-3.29434
3.98172	0.200805	3.98172	0.200805
2.63073	-0.858712	2.63073	-0.858712
0.221217	2.10886	0.221217	2.10886
4.19876	-2.51079	4.19876	-2.51079
4.00601	3.05939	4.00601	3.05939
1.03059	0.963612	1.03059	0.963612
3.58701	1.75451	3.58701	1.75451
4.42293	2.52463	4.42293	2.52463
5.8849	0.527385	5.8849	0.527385
4.91647	3.54674	4.91647	3.54674
-4.02855	5.43361	-4.02855	5.43361
5.05032	-0.717298	5.05032	-0.717298
2.60342	-3.48808	2.60342	-3.48808
4.58898	0.607024	4.58898	0.607024
3.69101	1.80774	3.69101	1.80774
0.612818	1.69053	0.612818	1.69053
0.870569	5.49927	0.870569	5.49927
2.3908	4.29914	2.3908	4.29914
-5.73776	-1.78826	-5.73776	-1.78826
0.577021	0.67451	0.577021	0.67451
-2.50902	-5.45921	-2.50902	-5.45921
3.51529	3.68365	3.51529	3.68365
2.32826	4.15807	2.32826	4.15807
2.61803	2.40772	2.61803	2.40772
5.84904	-1.2622	5.84904	-1.2622
3.29901	-1.47855	3.29901	-1.47855
3.31524	3.17651	3.31524	3.17651
4.84884	2.54517	4.84884	2.54517
-0.957165	-6.3682	-0.957165	-6.3682
4.50295	1.10971	4.50295	1.10971
0.0553617	4.25663	0.0553617	4.25663
2.37129	-0.347748	2.37129	-0.347748
0.479453	5.86514	0.479453	5.86514
3.16449	4.33076	3.16449	4.33076
0.319787	-1.96627	0.319787	-1.96627
0.672914	-6.26306	0.672914	-6.26306
3.41813	0.113995	3.41813	0.113995
1.73207	-2.42424	1.73207	-2.42424
3.63795	3.07676	3.63795	3.07676
-1.02517	1.6278	-1.02517	1.6278
2.50661	1.05688	2.50661	1.05688
-2.27372	-3.0639	-2.27372	-3.0639
4.86343	-0.311089	4.86343	-0.311089
-0.629013	1.37068	-0.629013	1.37068
3.06724	3.61924	3.06724	3.61924
1.90991	-4.66189	1.90991	-4.66189
1.18502	-0.649952	1.18502	-0.649952
0.817704	-4.43649	0.817704	-4.43649
4.56597	4.35606	4.56597	4.35606
-0.301766	2.06895	-0.301766	2.06895
4.20615	2.39876	4.20615	2.39876
1.53868	1.74671	1.53868	1.74671
-0.379526	5.60922	-0.379526	5.60922
-0.435693	3.41326	-0.435693	3.41326
3.5178	3.46399	3.5178	3.46399
4.37839	-1.63433	4.37839	-1.63433
0.462986	4.6612	0.462986	4.6612
4.14072	-2.19303	4.14072	-2.19303
1.55247	-1.63204	1.55247	-1.63204
-0.885888	-6.62295	-0.885888	-6.62295
0.0155597	4.43758	0.0155597	4.43758
3.57707	2.82435	3.57707	2.82435
1.60474	3.13337	1.60474	3.13337
2.21522	5.07723	2.21522	5.07723
0.294255	-2.67313	0.294255	-2.67313
2.81575	2.26146	2.81575	2.26146
2.72635	1.34043	2.72635	1.34043
5.52609	3.64381	5.52609	3.64381
2.52431	5.66455	2.52431	5.66455
3.97125	1.30242	3.97125	1.30242
1.74683	4.12302	1.74683	4.12302
0.83095	1.68596	0.83095	1.68596
4.12478	2.75586	4.12478	2.75586
3.89136	5.11116	3.89136	5.11116
1.37902	-3.18115	1.37902	-3.18115
-0.245939	5.91518	-0.245939	5.91518
1.8303	-4.82565	1.8303	-4.82565
-2.46984	0.29993	-2.46984	0.29993
2.10687	3.23185	2.10687	3.23185
5.00277	1.32925	5.00277	1.32925
4.31524	1.95935	4.31524	1.95935
1.41617	3.53372	1.41617	3.53372
4.42663	3.66188	4.42663	3.66188
2.06222	0.681891	2.06222	0.681891
2.23243	-0.883173	2.23243	-0.883173
2.97589	3.66998	2.97589	3.66998
5.1345	2.78296	5.1345	2.78296
0.468706	5.18207	0.468706	5.18207
1.25899	-6.2453	1.25899	-6.2453
-0.284484	-4.91023	-0.284484	-4.91023
1.58405	-5.48986	1.58405	-5.48986
4.46607	2.897	4.46607	2.897
4.2579	3.87303	4.2579	3.87303
2.02048	3.62909	2.02048	3.62909
0.0986626	5.7183	0.0986626	5.7183
4.8438	1.13987	4.8438	1.13987
0.81094	2.85969	0.81094	2.85969
0.95832	-1.21512	0.95832	-1.21512
