4.84731	-0.0264982	4.84731	-0.0264982
3.38221	-2.95339	3.38221	-2.95339
5.17499	2.31509	5.17499	2.31509
5.29369	3.76823	5.29369	3.76823
2.6027	2.83102	2.6027	2.83102
1.35747	4.54773	1.35747	4.54773
5.55963	0.740027	5.55963	0.740027
-0.57274	5.70102	-0.57274	5.70102
4.38821	-1.71994	4.38821	-1.71994
2.52138	0.900745	2.52138	0.900745
4.71497	1.38801	4.71497	1.38801
4.44422	1.92584	4.44422	1.92584
1.51813	4.52623	1.51813	4.52623
2.80829	3.86154	2.80829	3.86154
5.94985	1.31416	5.94985	1.31416
-0.727174	6.46076	-0.727174	6.46076
3.88083	4.31726	3.88083	4.31726
2.88997	2.35581	2.88997	2.35581
2.37027	1.09826	2.37027	1.09826
4.19112	-1.3916	4.19112	-1.3916
-3.73327	2.70202	-3.73327	2.70202
3.16041	-1.5185	3.16041	-1.5185
5.10231	0.24464	5.10231	0.24464
3.91346	6.10096	3.91346	6.10096
4.34886	5.63893	4.34886	5.63893
-0.0459881	-5.41084	-0.0459881	-5.41084
4.53035	-2.14083	4.53035	-2.14083
1.97962	-5.04352	1.97962	-5.04352
-1.74132	1.87862	-1.74132	1.87862
4.6531	0.625386	4.6531	0.625386
3.73574	2.73665	3.73574	2.73665
2.21044	0.238107	2.21044	0.238107
-0.834624	-4.83039	-0.834624	-4.83039
1.3638	6.10085	1.3638	6.10085
4.43868	-0.38559	4.43868	-0.38559
-3.81271	0.0969067	-3.81271	0.0969067
3.06167	1.15205	3.06167	1.15205
2.71471	4.68718	2.71471	4.68718
6.40848	1.95071	6.40848	1.95071
-2.41857	-0.920548	-2.41857	-0.920548
2.07644	2.38117	2.07644	2.38117
-0.0851145	4.60191	-0.0851145	4.60191
4.09722	-2.95023	4.09722	-2.95023
2.9043	-1.58866	2.9043	-1.58866
2.05902	-1.18557	2.05902	-1.18557
4.26334	3.40636	4.26334	3.40636
-3.65547	1.64572	-3.65547	1.64572
3.51177	0.180151	3.51177	0.180151
0.150771	6.60203	0.150771	6.60203
3.09955	6.65435	3.09955	6.65435
3.37962	-3.04107	3.37962	-3.04107
4.17376	-2.86337	4.17376	-2.86337
3.13668	3.43822	3.13668	3.43822
-1.45954	3.30729	-1.45954	3.30729
3.14779	5.95398	3.14779	5.95398
3.18011	0.854035	3.18011	0.854035
5.05165	-0.245797	5.05165	-0.245797
3.73526	4.18802	3.73526	4.18802
3.45423	0.147519	3.45423	0.147519
1.07485	4.24938	1.07485	4.24938
5.75808	0.812994	5.75808	0.812994
-2.08046	1.11583	-2.08046	1.11583
4.37679	0.48395	4.37679	0.48395
-0.308824	3.59826	-0.308824	3.59826
3.84449	3.22831	3.84449	3.22831
3.3327	-4.18081	3.3327	-4.18081
0.957586	-0.32199	0.957586	-0.32199
-2.03504	3.04408	-2.03504	3.04408
2.01685	-3.06647	2.01685	-3.06647
2.29549	2.8184	2.29549	2.8184
3.65757	3.96623	3.65757	3.96623
4.6469	-2.12655	4.6469	-2.12655
-0.264645	0.076345	-0.264645	0.076345
0.624761	-6.58223	0.624761	-6.58223
3.40188	2.84225	3.40188	2.84225
1.90043	2.58939	1.90043	2.58939
2.40973	5.15684	2.40973	5.15684
1.93434	1.18757	1.93434	1.18757
5.80279	-0.779267	5.80279	-0.779267
0.168528	4.87487	0.168528	4.87487
2.2296	0.724084	2.2296	0.724084
2.34664	0.959293	2.34664	0.959293
4.99849	-1.37627	4.99849	-1.37627
3.48711	3.72583	3.48711	3.72583
3.74526	4.04994	3.74526	4.04994
5.85282	1.98318	5.85282	1.98318
1.04581	5.84781	1.04581	5.84781
6.913	1.7539	6.913	1.7539
3.21925	0.596648	3.21925	0.596648
2.98687	0.768456	2.98687	0.768456
2.77048	2.46908	2.77048	2.46908
1.21918	2.27807	1.21918	2.27807
2.54455	3.97665	2.54455	3.97665
-1.81515	-3.54556	-1.81515	-3.54556
0.18277	6.29956	0.18277	6.29956
2.30994	3.96631	2.30994	3.96631
4.9539	-1.27937	4.9539	-1.27937
-2.22109	5.20646	-2.22109	5.20646
2.65559	2.67316	2.65559	2.67316
1.86108	-2.55163	1.86108	-2.55163
-0.233929	5.23164	-0.233929	5.23164
1.51406	-3.3036	1.51406	-3.3036
4.67432	0.742429	4.67432	0.742429
3.10946	4.0481	3.10946	4.0481
3.98984	3.87074	3.98984	3.87074
2.42919	-0.320609	2.42919	-0.320609
3.95653	2.90203	3.95653	2.90203
1.33482	-2.30304	1.33482	-2.30304
1.86999	-1.26408	1.86999	-1.26408
3.86448	3.16603	3.86448	3.16603
3.68408	2.77195	3.68408	2.77195
2.28513	2.67515	2.28513	2.67515
3.82652	2.79039	3.82652	2.79039
-2.42951	1.65762	-2.42951	1.65762
4.19242	2.39671	4.19242	2.39671
2.57832	4.14284	2.57832	4.14284
0.915257	-4.24629	0.915257	-4.24629
5.54272	2.64573	5.54272	2.64573
5.68724	-2.93819	5.68724	-2.93819
2.85167	1.17829	2.85167	1.17829
3.24415	-0.783607	3.24415	-0.783607
2.04521	4.53951	2.04521	4.53951
4.22887	3.28877	4.22887	3.28877
3.08131	3.44482	3.08131	3.44482
5.88993	0.336375	5.88993	0.336375
4.96825	0.0745451	4.96825	0.0745451
4.50749	-3.00229	4.50749	-3.00229
2.3763	-1.95284	2.3763	-1.95284
1.50663	0.934045	1.50663	0.934045
2.68532	-1.52747	2.68532	-1.52747
5.10074	3.21619	5.10074	3.21619
2.41509	3.31384	2.41509	3.31384
-0.00807047	5.60507	-0.00807047	5.60507
4.70221	0.191622	4.70221	0.191622
2.69202	0.975251	2.69202	0.975251
-0.772612	5.23688	-0.772612	5.23688
3.45941	3.1819	3.45941	3.1819
0.193466	-2.58517	0.193466	-2.58517
2.86855	-1.08754	2.86855	-1.08754
3.23481	0.319359	3.23481	0.319359
1.67618	4.20176	1.67618	4.20176
2.7719	1.49333	2.7719	1.49333
3.35361	5.02611	3.35361	5.02611
2.62055	-0.620684	2.62055	-0.620684
4.31235	5.30951	4.31235	5.30951
5.23664	2.2285	5.23664	2.2285
3.28372	2.24602	3.28372	2.24602
3.82632	2.50251	3.82632	2.50251
2.5612	2.39241	2.5612	2.39241
2.97834	4.21535	2.97834	4.21535
1.70615	-2.51439	1.70615	-2.51439
5.69899	1.87567	5.69899	1.87567
2.26811	-4.41829	2.26811	-4.41829
1.54603	2.73104	1.54603	2.73104
4.18463	4.37924	4.18463	4.37924
2.66517	7.48969	2.66517	7.48969
5.28966	-1.26692	5.28966	-1.26692
0.73915	6.07355	0.73915	6.07355
2.03078	1.5579	2.03078	1.5579
4.70783	0.351596	4.70783	0.351596
6.98289	1.99055	6.98289	1.99055
3.15288	3.40424	3.15288	3.40424
1.35332	-1.31946	1.35332	-1.31946
4.06935	1.17665	4.06935	1.17665
2.91054	-3.26037	2.91054	-3.26037
4.61309	1.14191	4.61309	1.14191
2.98619	4.61463	2.98619	4.61463
3.15197	-4.26442	3.15197	-4.26442
5.06186	-0.492281	5.06186	-0.492281
2.06186	4.06335	2.06186	4.06335
0.675259	4.31884	0.675259	4.31884
3.78421	-0.329123	3.78421	-0.329123
5.90103	2.61315	5.90103	2.61315
3.61928	4.25417	3.61928	4.25417
3.13103	1.61152	3.13103	1.61152
-4.86809	0.887423	-4.86809	0.887423
3.3695	-2.48924	3.3695	-2.48924
1.85432	-1.57266	1.85432	-1.57266
-1.6575	3.80398	-1.6575	3.80398
4.61514	-2.35626	4.61514	-2.35626
0.0855374	-0.120883	0.0855374	-0.120883
5.0646	-0.631711	5.0646	-0.631711
-0.504372	1.55749	-0.504372	1.55749
1.16556	2.74925	1.16556	2.74925
-0.831018	-1.87096	-0.831018	-1.87096
2.46696	3.60349	2.46696	3.60349
4.58938	2.13683	4.58938	2.13683
1.85687	3.33379	1.85687	3.33379
0.310956	-0.231794	0.310956	-0.231794
4.95205	5.00724	4.95205	5.00724
-0.437419	4.8779	-0.437419	4.8779
4.31934	1.41352	4.31934	1.41352
1.81147	3.74345	1.81147	3.74345
3.29659	2.66695	3.29659	2.66695
2.00117	5.0803	2.00117	5.0803
3.69585	-6.02304	3.69585	-6.02304
2.84663	-1.88326	2.84663	-1.88326
5.76008	4.77032	5.76008	4.77032
-3.4078	-2.56054	-3.4078	-2.56054
-1.26243	6.41791	-1.26243	6.41791
2.79906	4.60464	2.79906	4.60464
4.34262	-5.21543	4.34262	-5.21543
4.23111	0.0911746	4.23111	0.0911746
5.00958	1.70888	5.00958	1.70888
0.918552	4.9428	0.918552	4.9428
-0.196646	4.11595	-0.196646	4.11595
8.52496	-0.664562	8.52496	-0.664562
0.985746	0.0238843	0.985746	0.0238843
5.32852	1.11297	5.32852	1.11297
3.25155	4.2404	3.25155	4.2404
2.73905	2.58359	2.73905	2.58359
1.48354	5.21536	1.48354	5.21536
4.4395	-1.36366	4.4395	-1.36366
-0.0900204	6.35522	-0.0900204	6.35522
5.31466	-3.61026	5.31466	-3.61026
1.49816	5.05238	1.49816	5.05238
1.85019	-4.19222	1.85019	-4.19222
1.28044	-1.19054	1.28044	-1.19054
4.96525	1.34673	4.96525	1.34673
3.04368	-1.96774	3.04368	-1.96774
1.75314	-1.71409	1.75314	-1.71409
4.19668	1.99166	4.19668	1.99166
3.92059	-1.82103	3.92059	-1.82103
1.14988	3.99345	1.14988	3.99345
6.14275	-0.0108583	6.14275	-0.0108583
2.96779	-3.38636	2.96779	-3.38636
1.28138	0.685955	1.28138	0.685955
4.53294	2.54229	4.53294	2.54229
4.11638	5.48672	4.11638	5.48672
0.554356	3.63104	0.554356	3.63104
4.11411	1.80666	4.11411	1.80666
5.54328	1.02386	5.54328	1.02386
-0.377628	2.2388	-0.377628	2.2388
2.46483	2.82396	2.46483	2.82396
3.44226	3.45341	3.44226	3.45341
2.34006	-4.69539	2.34006	-4.69539
4.08338	3.74924	4.08338	3.74924
3.03101	5.1148	3.03101	5.1148
4.70093	-1.54244	4.70093	-1.54244
-3.62486	5.82048	-3.62486	5.82048
2.42848	-2.07675	2.42848	-2.07675
3.95427	0.183964	3.95427	0.183964
2.09554	5.55236	2.09554	5.55236
4.45843	2.22145	4.45843	2.22145
4.2526	3.53528	4.2526	3.53528
-1.98659	5.55335	-1.98659	5.55335
3.12022	0.812765	3.12022	0.812765
1.26971	4.55461	1.26971	4.55461
2.99266	-0.794344	2.99266	-0.794344
-2.05345	3.73965	-2.05345	3.73965
3.53938	-1.0571	3.53938	-1.0571
-0.742001	1.75908	-0.742001	1.75908
3.34807	3.31588	3.34807	3.31588
3.54128	3.2671	3.54128	3.2671
-1.9536	3.85455	-1.9536	3.85455
4.16402	1.86446	4.16402	1.86446
2.35131	4.84537	2.35131	4.84537
3.31206	-3.02112	3.31206	-3.02112
1.89288	2.55882	1.89288	2.55882
3.95803	4.64638	3.95803	4.64638
3.44693	2.78159	3.44693	2.78159
0.571049	2.72277	0.571049	2.72277
3.31348	-1.63734	3.31348	-1.63734
4.35623	-0.122174	4.35623	-0.122174
3.14604	3.6289	3.14604	3.6289
-1.62686	8.5175	-1.62686	8.5175
-0.166006	2.88331	-0.166006	2.88331
0.786975	2.33376	0.786975	2.33376
4.75269	3.51196	4.75269	3.51196
3.75806	3.89267	3.75806	3.89267
0.327538	-0.892437	0.327538	-0.892437
1.93099	4.82825	1.93099	4.82825
4.24342	-3.70672	4.24342	-3.70672
4.83473	2.32106	4.83473	2.32106
0.641139	1.77112	0.641139	1.77112
0.821078	1.55408	0.821078	1.55408
2.97321	4.60386	2.97321	4.60386
4.45263	1.5259	4.45263	1.5259
0.256656	4.13083	0.256656	4.13083
2.46832	-4.11844	2.46832	-4.11844
2.16286	4.69737	2.16286	4.69737
6.36984	0.8045	6.36984	0.8045
3.70911	-5.21567	3.70911	-5.21567
6.45231	2.09711	6.45231	2.09711
5.25021	-0.356703	5.25021	-0.356703
-1.22234	4.84493	-1.22234	4.84493
0.359131	-4.66455	0.359131	-4.66455
5.19326	0.364372	5.19326	0.364372
-0.788925	6.01823	-0.788925	6.01823
4.50878	1.4421	4.50878	1.4421
3.63251	1.62285	3.63251	1.62285
1.89618	1.49715	1.89618	1.49715
1.13294	-0.940703	1.13294	-0.940703
2.05126	-0.212987	2.05126	-0.212987
-0.0235391	-0.534685	-0.0235391	-0.534685
0.626084	-3.04891	0.626084	-3.04891
2.34844	0.221536	2.34844	0.221536
6.5379	-0.364939	6.5379	-0.364939
-0.731441	4.11618	-0.731441	4.11618
4.71242	1.88187	4.71242	1.88187
2.50706	0.187387	2.50706	0.187387
1.98761	4.52375	1.98761	4.52375
0.602814	4.42974	0.602814	4.42974
4.61464	1.43654	4.61464	1.43654
-2.71752	4.04555	-2.71752	4.04555
4.97017	0.450576	4.97017	0.450576
2.09017	-0.448094	2.09017	-0.448094
6.2881	0.763667	6.2881	0.763667
4.17399	4.57199	4.17399	4.57199
2.44754	-2.1269	2.44754	-2.1269
1.49358	-4.18866	1.49358	-4.18866
1.1006	-5.45727	1.1006	-5.45727
1.50883	-1.97417	1.50883	-1.97417
2.69189	5.09542	2.69189	5.09542
2.67671	5.89328	2.67671	5.89328
2.10416	5.34527	2.10416	5.34527
4.10346	-0.100181	4.10346	-0.100181
2.79808	2.96444	2.79808	2.96444
4.11792	4.35288	4.11792	4.35288
4.66261	2.68262	4.66261	2.68262
1.18925	5.47554	1.18925	5.47554
-3.45673	-6.40217	-3.45673	-6.40217
4.15502	-0.441191	4.15502	-0.441191
1.98875	-4.62895	1.98875	-4.62895
4.85102	0.0027079	4.85102	0.0027079
5.32635	4.82044	5.32635	4.82044
3.04082	-3.83859	3.04082	-3.83859
3.36882	4.80302	3.36882	4.80302
0.123337	-6.66628	0.123337	-6.66628
0.868358	2.09673	0.868358	2.09673
-3.86756	4.49727	-3.86756	4.49727
0.601095	6.91401	0.601095	6.91401
4.67299	2.58315	4.67299	2.58315
-1.23046	3.24561	-1.23046	3.24561
2.64987	3.20715	2.64987	3.20715
1.23018	5.09115	1.23018	5.09115
2.69553	2.55052	2.69553	2.55052
4.78879	-1.90731	4.78879	-1.90731
4.72039	-1.62491	4.72039	-1.62491
3.9406	3.16948	3.9406	3.16948
2.94915	-1.8046	2.94915	-1.8046
4.5238	-3.20693	4.5238	-3.20693
0.489508	3.60565	0.489508	3.60565
2.66911	2.95135	2.66911	2.95135
-1.69282	-6.60293	-1.69282	-6.60293
5.09304	4.57155	5.09304	4.57155
1.53395	1.76187	1.53395	1.76187
4.15345	0.861979	4.15345	0.861979
5.23171	0.345187	5.23171	0.345187
0.170006	-1.64707	0.170006	-1.64707
1.62141	4.92564	1.62141	4.92564
5.67849	-2.40567	5.67849	-2.40567
5.63785	4.46016	5.63785	4.46016
2.13472	-3.80442	2.13472	-3.80442
2.68716	0.341018	2.68716	0.341018
0.800798	-2.60386	0.800798	-2.60386
3.31287	4.45071	3.31287	4.45071
-0.10917	1.61112	-0.10917	1.61112
2.7061	-1.55334	2.7061	-1.55334
0.787269	-2.69981	0.787269	-2.69981
4.25294	2.47315	4.25294	2.47315
8.40875	0.649494	8.40875	0.649494
2.1353	1.8101	2.1353	1.8101
2.99719	0.967194	2.99719	0.967194
3.23761	4.29116	3.23761	4.29116
3.65171	3.4771	3.65171	3.4771
4.0162	5.07587	4.0162	5.07587
-3.43631	-5.02553	-3.43631	-5.02553
5.01706	2.17889	5.01706	2.17889
-1.93434	-0.0875831	-1.93434	-0.0875831
4.43464	-0.170298	4.43464	-0.170298
3.08843	4.15826	3.08843	4.15826
2.5157	2.29589	2.5157	2.29589
2.72224	3.81429	2.72224	3.81429
-2.17961	2.48827	-2.17961	2.48827
4.51134	-2.16536	4.51134	-2.16536
-0.629063	0.556231	-0.629063	0.556231
-0.354712	3.31345	-0.354712	3.31345
4.74263	-0.671573	4.74263	-0.671573
-0.081872	4.3168	-0.081872	4.3168
2.97136	4.65283	2.97136	4.65283
0.0105028	0.772315	0.0105028	0.772315
4.7915	0.764942	4.7915	0.764942
4.07891	-2.40898	4.07891	-2.40898
2.98523	-2.11297	2.98523	-2.11297
2.24896	5.80618	2.24896	5.80618
1.31194	4.77887	1.31194	4.77887
3.02709	3.55972	3.02709	3.55972
1.18101	-2.00321	1.18101	-2.00321
1.28938	2.16983	1.28938	2.16983
2.60592	3.94383	2.60592	3.94383
3.24676	4.99421	3.24676	4.99421
-3.06052	5.82049	-3.06052	5.82049
4.10112	3.32207	4.10112	3.32207
-0.0505056	1.91659	-0.0505056	1.91659
1.99415	0.668844	1.99415	0.668844
4.58745	0.490485	4.58745	0.490485
2.31162	-1.06778	2.31162	-1.06778
3.72913	2.80974	3.72913	2.80974
4.85344	0.407992	4.85344	0.407992
1.87773	3.1793	1.87773	3.1793
2.53436	-1.58347	2.53436	-1.58347
2.32596	2.86886	2.32596	2.86886
5.5472	-1.53202	5.5472	-1.53202
3.60888	-3.74363	3.60888	-3.74363
5.61546	-1.8667	5.61546	-1.8667
3.64541	3.42497	3.64541	3.42497
-2.10489	5.35325	-2.10489	5.35325
2.43628	1.42754	2.43628	1.42754
0.236744	6.35771	0.236744	6.35771
-3.18847	-6.70481	-3.18847	-6.70481
1.48161	5.05729	1.48161	5.05729
-0.794135	-4.69587	-0.794135	-4.69587
4.25539	1.94204	4.25539	1.94204
4.2347	2.8335	4.2347	2.8335
3.16896	1.2661	3.16896	1.2661
-1.06297	3.48766	-1.06297	3.48766
4.41001	1.67418	4.41001	1.67418
5.86493	-1.43986	5.86493	-1.43986
-0.580836	-5.44643	-0.580836	-5.44643
5.26757	3.70276	5.26757	3.70276
-2.34547	4.29166	-2.34547	4.29166
4.39612	1.76128	4.39612	1.76128
4.82579	-2.07203	4.82579	-2.07203
2.73052	4.09669	2.73052	4.09669
2.43861	2.91382	2.43861	2.91382
1.61929	-1.40764	1.61929	-1.40764
4.50423	-0.593129	4.50423	-0.593129
1.11655	0.638941	1.11655	0.638941
3.87429	-2.39279	3.87429	-2.39279
4.44602	-1.86076	4.44602	-1.86076
0.317474	0.272282	0.317474	0.272282
3.65741	1.49041	3.65741	1.49041
4.54525	0.789689	4.54525	0.789689
0.873166	-4.87645	0.873166	-4.87645
5.29046	-1.13185	5.29046	-1.13185
0.749614	-1.47577	0.749614	-1.47577
2.51881	3.56862	2.51881	3.56862
5.22029	5.01922	5.22029	5.01922
-2.06709	-2.3917	-2.06709	-2.3917
5.52379	0.984821	5.52379	0.984821
2.79662	-2.21437	2.79662	-2.21437
1.63254	0.471138	1.63254	0.471138
5.27106	0.073427	5.27106	0.073427
1.81905	-1.25095	1.81905	-1.25095
5.13693	0.00274724	5.13693	0.00274724
5.3594	-2.62467	5.3594	-2.62467
3.62727	-0.209435	3.62727	-0.209435
3.98639	2.29004	3.98639	2.29004
1.89421	3.32692	1.89421	3.32692
-0.412358	-0.811156	-0.412358	-0.811156
-0.393509	4.18226	-0.393509	4.18226
0.872257	-4.14632	0.872257	-4.14632
3.65822	0.153322	3.65822	0.153322
3.24112	1.22619	3.24112	1.22619
-0.712886	4.44559	-0.712886	4.44559
5.01714	2.47007	5.01714	2.47007
-1.02269	5.32855	-1.02269	5.32855
2.16513	-2.54301	2.16513	-2.54301
-2.86413	-2.31341	-2.86413	-2.31341
2.77699	1.04925	2.77699	1.04925
2.91923	3.73757	2.91923	3.73757
5.65721	1.00396	5.65721	1.00396
2.73187	1.10858	2.73187	1.10858
2.1916	-1.83201	2.1916	-1.83201
3.25875	3.6853	3.25875	3.6853
2.66335	1.61302	2.66335	1.61302
1.17121	3.63289	1.17121	3.63289
1.40967	-2.86004	1.40967	-2.86004
2.54516	1.00925	2.54516	1.00925
3.84528	2.33749	3.84528	2.33749
3.98593	2.99421	3.98593	2.99421
3.53682	-1.3787	3.53682	-1.3787
2.60203	4.30858	2.60203	4.30858
4.20234	1.72972	4.20234	1.72972
1.64309	-5.95746	1.64309	-5.95746
0.163332	-3.95021	0.163332	-3.95021
4.3233	-0.94561	4.3233	-0.94561
1.90799	-1.0205	1.90799	-1.0205
5.20837	2.45496	5.20837	2.45496
-0.095552	-1.2929	-0.095552	-1.2929
-1.02713	3.8789	-1.02713	3.8789
3.14643	3.77329	3.14643	3.77329
4.37323	2.628	4.37323	2.628
3.93425	-0.360403	3.93425	-0.360403
6.75973	1.47478	6.75973	1.47478
4.39393	-1.77763	4.39393	-1.77763
5.58192	1.107	5.58192	1.107
2.36841	5.21121	2.36841	5.21121
0.986287	-0.0806327	0.986287	-0.0806327
-2.22779	6.14067	-2.22779	6.14067
-0.419929	3.88205	-0.419929	3.88205
-1.62397	0.20193	-1.62397	0.20193
-0.809314	6.64677	-0.809314	6.64677
4.33138	3.8164	4.33138	3.8164
3.66387	3.23789	3.66387	3.23789
0.202761	5.13406	0.202761	5.13406
0.228747	1.84602	0.228747	1.84602
2.88128	0.970676	2.88128	0.970676
3.4341	4.23819	3.4341	4.23819
4.02126	2.40249	4.02126	2.40249
-0.650079	5.20377	-0.650079	5.20377
4.15568	-3.7941	4.15568	-3.7941
1.68419	3.43959	1.68419	3.43959
4.19704	5.1209	4.19704	5.1209
2.36449	4.77759	2.36449	4.77759
1.98223	5.41262	1.98223	5.41262
4.23101	0.806304	4.23101	0.806304
-1.21681	-0.0446148	-1.21681	-0.0446148
0.963842	0.185988	0.963842	0.185988
2.7864	3.05583	2.7864	3.05583
4.66601	0.810653	4.66601	0.810653
0.931362	1.41346	0.931362	1.41346
4.87112	1.1889	4.87112	1.1889
1.18824	5.65288	1.18824	5.65288
1.14178	-4.78388	1.14178	-4.78388
2.16699	4.55004	2.16699	4.55004
-8.8828	2.13493	-8.8828	2.13493
3.18086	6.40372	3.18086	6.40372
-1.46093	-0.417307	-1.46093	-0.417307
0.0543866	-3.54484	0.0543866	-3.54484
2.19962	5.04181	2.19962	5.04181
3.45485	3.27959	3.45485	3.27959
1.54559	5.2423	1.54559	5.2423
1.69704	-4.32851	1.69704	-4.32851
4.82731	-2.25778	4.82731	-2.25778
1.12867	-4.593	1.12867	-4.593
0.879285	2.47932	0.879285	2.47932
6.2634	-0.462125	6.2634	-0.462125
4.63241	2.08557	4.63241	2.08557
6.21755	-0.220372	6.21755	-0.220372
0.667881	-5.44864	0.667881	-5.44864
-0.816653	5.12691	-0.816653	5.12691
6.52452	1.55215	6.52452	1.55215
-0.952001	6.18492	-0.952001	6.18492
3.69048	-1.85813	3.69048	-1.85813
2.98	3.9854	2.98	3.9854
-1.23608	-1.96173	-1.23608	-1.96173
-0.139942	-2.82164	-0.139942	-2.82164
-0.24283	-3.52668	-0.24283	-3.52668
-1.0053	0.363159	-1.0053	0.363159
5.39453	0.792876	5.39453	0.792876
0.180176	0.771353	0.180176	0.771353
1.37357	-0.200969	1.37357	-0.200969
0.679725	-5.92093	0.679725	-5.92093
-5.51323	4.78694	-5.51323	4.78694
4.22388	1.3499	4.22388	1.3499
-0.18187	3.90842	-0.18187	3.90842
2.37162	4.67101	2.37162	4.67101
1.33265	6.58574	1.33265	6.58574
2.61008	2.80354	2.61008	2.80354
-0.146091	3.90717	-0.146091	3.90717
4.80958	-1.66105	4.80958	-1.66105
4.02007	2.89311	4.02007	2.89311
3.99976	-1.58174	3.99976	-1.58174
4.90983	5.54293	4.90983	5.54293
1.60858	5.11699	1.60858	5.11699
4.53452	1.51983	4.53452	1.51983
3.22717	5.37021	3.22717	5.37021
0.132928	1.33949	0.132928	1.33949
3.39314	-1.40894	3.39314	-1.40894
3.38511	-2.85109	3.38511	-2.85109
3.69367	0.665864	3.69367	0.665864
4.69952	1.35906	4.69952	1.35906
3.4375	0.996655	3.4375	0.996655
4.62652	-1.33548	4.62652	-1.33548
4.76782	-1.87838	4.76782	-1.87838
5.0918	0.827162	5.0918	0.827162
-2.44668	0.953264	-2.44668	0.953264
4.03911	2.4444	4.03911	2.4444
0.532551	-2.40751	0.532551	-2.40751
2.43865	2.24594	2.43865	2.24594
2.6974	-1.05546	2.6974	-1.05546
1.54123	-0.313611	1.54123	-0.313611
3.53905	-3.4642	3.53905	-3.4642
1.81733	-5.46014	1.81733	-5.46014
3.56086	2.79981	3.56086	2.79981
1.60278	-5.6512	1.60278	-5.6512
4.75586	3.00382	4.75586	3.00382
0.446225	-0.838484	0.446225	-0.838484
4.31005	-1.06093	4.31005	-1.06093
3.1055	-1.68622	3.1055	-1.68622
2.36914	0.793308	2.36914	0.793308
4.93534	2.91235	4.93534	2.91235
4.41001	2.06126	4.41001	2.06126
4.26011	5.31482	4.26011	5.31482
5.91717	-0.925873	5.91717	-0.925873
2.54213	2.77757	2.54213	2.77757
-0.949913	4.13429	-0.949913	4.13429
-0.264888	5.46238	-0.264888	5.46238
3.72397	3.7559	3.72397	3.7559
-0.70555	5.81777	-0.70555	5.81777
-1.92662	-2.02633	-1.92662	-2.02633
4.45145	-1.14201	4.45145	-1.14201
2.91658	3.99244	2.91658	3.99244
4.60887	0.36151	4.60887	0.36151
-1.10183	-1.85895	-1.10183	-1.85895
3.53357	2.96406	3.53357	2.96406
2.04275	-2.86213	2.04275	-2.86213
6.0701	-0.556451	6.0701	-0.556451
4.05966	2.36979	4.05966	2.36979
4.36076	0.754598	4.36076	0.754598
2.36156	-3.93911	2.36156	-3.93911
2.92852	1.84084	2.92852	1.84084
0.362105	0.920124	0.362105	0.920124
4.59569	2.83354	4.59569	2.83354
2.58106	2.45896	2.58106	2.45896
-2.58972	-6.07544	-2.58972	-6.07544
4.73022	4.65711	4.73022	4.65711
0.0773813	5.70149	0.0773813	5.70149
4.483	-0.22673	4.483	-0.22673
-0.361454	3.63599	-0.361454	3.63599
1.64909	5.16692	1.64909	5.16692
3.25539	-0.0654511	3.25539	-0.0654511
5.21226	2.61197	5.21226	2.61197
2.41544	3.75522	2.41544	3.75522
2.15914	4.91857	2.15914	4.91857
-3.6755	-6.83156	-3.6755	-6.83156
3.59137	-1.73229	3.59137	-1.73229
3.39566	2.91879	3.39566	2.91879
1.7418	5.06584	1.7418	5.06584
2.94228	-2.41669	2.94228	-2.41669
0.470693	-4.58621	0.470693	-4.58621
1.19353	2.10151	1.19353	2.10151
4.41052	4.04344	4.41052	4.04344
-0.295115	5.72104	-0.295115	5.72104
-4.82026	-2.26141	-4.82026	-2.26141
3.16157	-2.57367	3.16157	-2.57367
3.94022	2.4648	3.94022	2.4648
3.30512	2.87695	3.30512	2.87695
2.42986	6.18473	2.42986	6.18473
-3.14822	5.02464	-3.14822	5.02464
5	-0.991427	5	-0.991427
3.94342	-0.59426	3.94342	-0.59426
1.30263	2.37034	1.30263	2.37034
3.55241	-3.44964	3.55241	-3.44964
-0.00341988	-6.71111	-0.00341988	-6.71111
1.79824	-5.65621	1.79824	-5.65621
4.1852	2.80534	4.1852	2.80534
4.59094	1.19803	4.59094	1.19803
2.07435	2.90646	2.07435	2.90646
-1.06797	4.31803	-1.06797	4.31803
-0.35304	-5.0419	-0.35304	-5.0419
0.01465	6.62339	0.01465	6.62339
0.316745	-3.1483	0.316745	-3.1483
3.65793	2.66489	3.65793	2.66489
1.81938	-1.323	1.81938	-1.323
5.40918	4.92703	5.40918	4.92703
2.2113	-2.2786	2.2113	-2.2786
4.67209	4.14847	4.67209	4.14847
0.287347	4.13642	0.287347	4.13642
4.95497	0.473798	4.95497	0.473798
-0.776331	4.08802	-0.776331	4.08802
-1.50773	4.57006	-1.50773	4.57006
0.765888	5.5229	0.765888	5.5229
1.98898	4.42543	1.98898	4.42543
2.93183	3.65758	2.93183	3.65758
4.41423	4.88811	4.41423	4.88811
2.21737	3.83816	2.21737	3.83816
5.207	-0.458396	5.207	-0.458396
1.02491	3.22695	1.02491	3.22695
4.26394	1.02779	4.26394	1.02779
3.64006	2.92557	3.64006	2.92557
4.95661	-0.168542	4.95661	-0.168542
0.406048	-0.698679	0.406048	-0.698679
4.55159	3.08182	4.55159	3.08182
3.93907	-2.58114	3.93907	-2.58114
4.00589	2.93488	4.00589	2.93488
-0.703524	-1.37863	-0.703524	-1.37863
5.04051	-0.186116	5.04051	-0.186116
1.5307	2.12568	1.5307	2.12568
5.17123	2.34964	5.17123	2.34964
1.09502	-5.4469	1.09502	-5.4469
1.57233	-3.65415	1.57233	-3.65415
6.80071	2.65121	6.80071	2.65121
4.26607	2.57843	4.26607	2.57843
4.95508	1.11584	4.95508	1.11584
1.33124	-0.491762	1.33124	-0.491762
0.888229	5.7381	0.888229	5.7381
1.46961	-0.613797	1.46961	-0.613797
-1.2558	3.95453	-1.2558	3.95453
-1.38919	-1.09953	-1.38919	-1.09953
6.96372	3.06011	6.96372	3.06011
2.81365	2.24826	2.81365	2.24826
-1.62055	5.82284	-1.62055	5.82284
2.93093	0.210525	2.93093	0.210525
2.32918	4.16947	2.32918	4.16947
-8.07878	4.25734	-8.07878	4.25734
1.88107	6.35841	1.88107	6.35841
3.30616	6.19404	3.30616	6.19404
4.73641	-2.79972	4.73641	-2.79972
-2.88214	3.77034	-2.88214	3.77034
3.28672	4.25237	3.28672	4.25237
0.430464	0.904599	0.430464	0.904599
5.40097	-0.584841	5.40097	-0.584841
-2.86168	4.16796	-2.86168	4.16796
4.82881	-0.0121475	4.82881	-0.0121475
1.56584	-3.66114	1.56584	-3.66114
1.2881	5.15234	1.2881	5.15234
4.25942	2.2467	4.25942	2.2467
3.85294	-2.10172	3.85294	-2.10172
6.55624	-2.25955	6.55624	-2.25955
2.06655	4.43584	2.06655	4.43584
-0.134421	-1.67794	-0.134421	-1.67794
2.52727	6.37444	2.52727	6.37444
3.48244	3.88756	3.48244	3.88756
3.2872	1.3763	3.2872	1.3763
3.24572	1.04212	3.24572	1.04212
1.1167	4.71973	1.1167	4.71973
1.71185	-4.28811	1.71185	-4.28811
3.26517	0.105932	3.26517	0.105932
5.34116	2.70639	5.34116	2.70639
3.29754	4.20145	3.29754	4.20145
2.35384	4.0443	2.35384	4.0443
0.743759	-6.17971	0.743759	-6.17971
4.30663	2.39128	4.30663	2.39128
0.951417	-1.01662	0.951417	-1.01662
2.90946	-3.86954	2.90946	-3.86954
4.24856	-0.383779	4.24856	-0.383779
0.590563	4.65339	0.590563	4.65339
3.39663	4.95168	3.39663	4.95168
4.85209	1.37112	4.85209	1.37112
-0.71324	5.19918	-0.71324	5.19918
4.55417	0.596256	4.55417	0.596256
1.5968	-5.83753	1.5968	-5.83753
1.62772	1.16212	1.62772	1.16212
4.69041	1.47335	4.69041	1.47335
-4.47943	1.89472	-4.47943	1.89472
2.47663	4.16638	2.47663	4.16638
2.34517	3.27853	2.34517	3.27853
4.1178	3.57207	4.1178	3.57207
4.39543	1.88976	4.39543	1.88976
3.65123	-1.33497	3.65123	-1.33497
4.36414	2.57816	4.36414	2.57816
0.674214	-5.36408	0.674214	-5.36408
1.02698	0.902256	1.02698	0.902256
5.3767	6.23792	5.3767	6.23792
2.54824	2.34129	2.54824	2.34129
2.65959	4.20324	2.65959	4.20324
3.77211	2.65435	3.77211	2.65435
-6.19667	2.92619	-6.19667	2.92619
5.8091	-1.51154	5.8091	-1.51154
4.05146	3.06738	4.05146	3.06738
0.959355	1.98716	0.959355	1.98716
4.26305	1.50719	4.26305	1.50719
6.24132	0.833867	6.24132	0.833867
3.52653	1.65612	3.52653	1.65612
2.34787	4.65823	2.34787	4.65823
3.50321	0.248782	3.50321	0.248782
3.13205	4.23814	3.13205	4.23814
1.26115	0.752365	1.26115	0.752365
3.15399	4.60317	3.15399	4.60317
-6.89593	5.23542	-6.89593	5.23542
1.69142	4.83795	1.69142	4.83795
1.24733	5.45757	1.24733	5.45757
0.311646	7.79441	0.311646	7.79441
3.59738	3.77169	3.59738	3.77169
1.21147	-2.57409	1.21147	-2.57409
2.48585	-3.50772	2.48585	-3.50772
1.30438	0.862905	1.30438	0.862905
4.265	2.11197	4.265	2.11197
-3.79235	4.28673	-3.79235	4.28673
2.7299	4.24147	2.7299	4.24147
3.23342	3.23936	3.23342	3.23936
1.81663	3.95994	1.81663	3.95994
-3.16079	-4.60376	-3.16079	-4.60376
1.57714	3.26631	1.57714	3.26631
4.48312	-2.60749	4.48312	-2.60749
0.201122	3.52533	0.201122	3.52533
5.02708	2.23102	5.02708	2.23102
6.07648	0.21039	6.07648	0.21039
3.09984	0.84543	3.09984	0.84543
3.18435	3.6491	3.18435	3.6491
2.83984	4.01711	2.83984	4.01711
0.582415	-4.80177	0.582415	-4.80177
1.92154	4.50285	1.92154	4.50285
4.39894	2.40311	4.39894	2.40311
2.97508	0.922745	2.97508	0.922745
4.25279	3.43914	4.25279	3.43914
5.7212	-1.9879	5.7212	-1.9879
0.847247	-1.50742	0.847247	-1.50742
4.66448	2.48936	4.66448	2.48936
0.155271	3.81557	0.155271	3.81557
3.62088	-0.186572	3.62088	-0.186572
1.59805	-5.51242	1.59805	-5.51242
4.36537	3.49454	4.36537	3.49454
-1.40403	4.40179	-1.40403	4.40179
2.10805	4.42404	2.10805	4.42404
3.72488	-0.196216	3.72488	-0.196216
1.18062	-4.18898	1.18062	-4.18898
6.00293	0.549906	6.00293	0.549906
4.58117	1.45087	4.58117	1.45087
2.15736	1.86702	2.15736	1.86702
1.80513	1.19184	1.80513	1.19184
-0.0963693	-4.51697	-0.0963693	-4.51697
1.74354	-3.61885	1.74354	-3.61885
4.21436	3.42128	4.21436	3.42128
-1.78983	4.42553	-1.78983	4.42553
0.644991	6.38076	0.644991	6.38076
3.7415	0.423334	3.7415	0.423334
3.26965	-0.849015	3.26965	-0.849015
0.989887	1.19957	0.989887	1.19957
-4.35024	1.87541	-4.35024	1.87541
1.54103	-5.23155	1.54103	-5.23155
-1.1517	2.20675	-1.1517	2.20675
4.77262	0.580229	4.77262	0.580229
1.74946	0.584447	1.74946	0.584447
4.58589	3.11665	4.58589	3.11665
3.66455	-0.807709	3.66455	-0.807709
-1.52916	-4.85109	-1.52916	-4.85109
2.20085	-0.195506	2.20085	-0.195506
0.50132	1.74029	0.50132	1.74029
4.18804	-0.800698	4.18804	-0.800698
2.07126	-4.48959	2.07126	-4.48959
4.97196	-0.270531	4.97196	-0.270531
2.35607	1.62098	2.35607	1.62098
-3.21936	-1.37856	-3.21936	-1.37856
1.15237	4.21439	1.15237	4.21439
2.3897	3.06773	2.3897	3.06773
3.97409	4.0933	3.97409	4.0933
0.611828	5.8653	0.611828	5.8653
3.50074	3.08611	3.50074	3.08611
-1.39075	-4.7232	-1.39075	-4.7232
3.27678	0.12764	3.27678	0.12764
5.07586	2.11866	5.07586	2.11866
0.224355	1.64106	0.224355	1.64106
2.50963	3.64009	2.50963	3.64009
4.60729	0.817016	4.60729	0.817016
2.83818	0.920282	2.83818	0.920282
0.517119	3.6671	0.517119	3.6671
5.23769	3.70287	5.23769	3.70287
5.08972	2.94912	5.08972	2.94912
5.65103	1.1942	5.65103	1.1942
2.9551	-0.846037	2.9551	-0.846037
2.79064	3.20765	2.79064	3.20765
3.59888	-3.97453	3.59888	-3.97453
2.19513	1.58358	2.19513	1.58358
-2.17068	4.71023	-2.17068	4.71023
2.0515	5.26392	2.0515	5.26392
2.04609	-3.76081	2.04609	-3.76081
1.04486	5.67007	1.04486	5.67007
2.38848	1.5139	2.38848	1.5139
1.46944	4.01476	1.46944	4.01476
4.46193	1.87535	4.46193	1.87535
5.04751	-1.88509	5.04751	-1.88509
-3.49712	4.51662	-3.49712	4.51662
2.55427	4.87503	2.55427	4.87503
1.01606	0.323101	1.01606	0.323101
5.87596	2.31312	5.87596	2.31312
-2.83045	3.29008	-2.83045	3.29008
2.80019	4.0586	2.80019	4.0586
3.43866	4.1058	3.43866	4.1058
3.45321	3.43099	3.45321	3.43099
-0.84108	-1.55665	-0.84108	-1.55665
-0.462577	4.80401	-0.462577	4.80401
-1.16595	-0.783029	-1.16595	-0.783029
-5.85215	5.90577	-5.85215	5.90577
6.27982	0.251158	6.27982	0.251158
2.71633	-0.426355	2.71633	-0.426355
5.33007	0.215611	5.33007	0.215611
-0.607081	4.64448	-0.607081	4.64448
4.0465	3.37296	4.0465	3.37296
-2.78405	-2.6199	-2.78405	-2.6199
4.56344	1.23239	4.56344	1.23239
0.104829	4.95762	0.104829	4.95762
5.98312	3.81868	5.98312	3.81868
-0.406987	-2.9182	-0.406987	-2.9182
8.20325	2.08868	8.20325	2.08868
3.78709	0.675329	3.78709	0.675329
4.65771	3.44245	4.65771	3.44245
-3.83822	2.11856	-3.83822	2.11856
4.10204	-0.683528	4.10204	-0.683528
3.85761	2.57297	3.85761	2.57297
5.12222	1.25976	5.12222	1.25976
-1.5825	-3.41332	-1.5825	-3.41332
2.86882	1.42223	2.86882	1.42223
0.317405	5.46644	0.317405	5.46644
4.71391	-1.96905	4.71391	-1.96905
3.16408	3.01369	3.16408	3.01369
3.66037	1.78539	3.66037	1.78539
-3.44165	5.7023	-3.44165	5.7023
2.98047	1.98205	2.98047	1.98205
2.7111	4.93422	2.7111	4.93422
-4.57886	4.79223	-4.57886	4.79223
2.04929	1.3507	2.04929	1.3507
6.1072	1.12407	6.1072	1.12407
3.65975	5.83936	3.65975	5.83936
6.45286	1.30927	6.45286	1.30927
1.75081	1.93839	1.75081	1.93839
4.60095	1.84373	4.60095	1.84373
0.44737	-5.97587	0.44737	-5.97587
3.03773	-3.02075	3.03773	-3.02075
5.64276	1.28618	5.64276	1.28618
0.0718079	4.05123	0.0718079	4.05123
2.59481	2.15457	2.59481	2.15457
5.04897	5.73355	5.04897	5.73355
-0.468597	3.80039	-0.468597	3.80039
0.0273781	4.10491	0.0273781	4.10491
4.42566	3.61048	4.42566	3.61048
4.06741	2.88295	4.06741	2.88295
3.67215	5.03337	3.67215	5.03337
4.13476	4.59491	4.13476	4.59491
-2.03457	-4.9277	-2.03457	-4.9277
-0.979549	4.22547	-0.979549	4.22547
1.6425	3.12166	1.6425	3.12166
4.9126	1.22464	4.9126	1.22464
4.99738	4.91059	4.99738	4.91059
4.30095	2.16778	4.30095	2.16778
4.79983	-0.53596	4.79983	-0.53596
3.21291	-0.00547981	3.21291	-0.00547981
3.1937	4.47274	3.1937	4.47274
3.87687	4.65341	3.87687	4.65341
4.44579	2.75574	4.44579	2.75574
2.58898	3.11641	2.58898	3.11641
6.65818	0.651858	6.65818	0.651858
-0.815929	4.2492	-0.815929	4.2492
2.59281	3.74896	2.59281	3.74896
4.97345	4.22248	4.97345	4.22248
1.08347	3.06122	1.08347	3.06122
-0.374211	2.36759	-0.374211	2.36759
3.79988	1.16834	3.79988	1.16834
-1.67594	3.88262	-1.67594	3.88262
5.64275	3.44979	5.64275	3.44979
-2.91114	-0.478504	-2.91114	-0.478504
0.848352	6.3755	0.848352	6.3755
-1.15778	0.0374126	-1.15778	0.0374126
-1.42586	-4.30561	-1.42586	-4.30561
4.76805	1.79174	4.76805	1.79174
2.20864	5.77249	2.20864	5.77249
0.0148683	4.43469	0.0148683	4.43469
1.02861	5.36696	1.02861	5.36696
3.68464	3.63975	3.68464	3.63975
-0.192717	-3.83635	-0.192717	-3.83635
0.436249	1.60995	0.436249	1.60995
2.1135	4.20428	2.1135	4.20428
4.46091	3.5398	4.46091	3.5398
1.72539	3.499	1.72539	3.499
-1.27634	-3.14062	-1.27634	-3.14062
5.10929	0.483062	5.10929	0.483062
4.43676	3.27795	4.43676	3.27795
1.85951	3.94657	1.85951	3.94657
-1.50502	2.77957	-1.50502	2.77957
-0.381833	0.865953	-0.381833	0.865953
-1.08046	-1.67541	-1.08046	-1.67541
-0.559532	1.77555	-0.559532	1.77555
1.32848	4.14738	1.32848	4.14738
1.52178	-2.24758	1.52178	-2.24758
1.4424	4.98936	1.4424	4.98936
-0.422834	5.54619	-0.422834	5.54619
-0.86016	-3.46861	-0.86016	-3.46861
0.805992	5.10832	0.805992	5.10832
3.8831	3.79873	3.8831	3.79873
3.60619	-3.24087	3.60619	-3.24087
2.71959	-2.49097	2.71959	-2.49097
2.29993	-0.30858	2.29993	-0.30858
4.7832	4.03302	4.7832	4.03302
2.52725	-3.18672	2.52725	-3.18672
3.42745	-1.34863	3.42745	-1.34863
6.27114	-0.953774	6.27114	-0.953774
3.7997	2.49993	3.7997	2.49993
-0.606535	7.34855	-0.606535	7.34855
4.80939	0.623183	4.80939	0.623183
3.83971	2.18351	3.83971	2.18351
0.511646	7.48187	0.511646	7.48187
2.05025	-2.46759	2.05025	-2.46759
2.45361	4.57045	2.45361	4.57045
5.20131	2.26777	5.20131	2.26777
0.991237	5.27354	0.991237	5.27354
5.24539	1.56286	5.24539	1.56286
3.41848	2.99933	3.41848	2.99933
4.78149	1.60429	4.78149	1.60429
0.892992	-0.109221	0.892992	-0.109221
3.70224	0.0774031	3.70224	0.0774031
-1.29198	2.60714	-1.29198	2.60714
4.34267	0.671829	4.34267	0.671829
0.256813	1.86329	0.256813	1.86329
5.59587	0.575187	5.59587	0.575187
2.88657	0.738542	2.88657	0.738542
4.59853	1.09565	4.59853	1.09565
-3.50017	4.35365	-3.50017	4.35365
5.46608	-0.16808	5.46608	-0.16808
-0.776644	5.94549	-0.776644	5.94549
4.0639	-0.805031	4.0639	-0.805031
-1.17363	-6.55622	-1.17363	-6.55622
3.06033	5.16402	3.06033	5.16402
2.61638	-1.13661	2.61638	-1.13661
3.92846	6.89299	3.92846	6.89299
5.51749	0.77692	5.51749	0.77692
-1.82246	3.22039	-1.82246	3.22039
2.96916	5.64622	2.96916	5.64622
3.57524	-1.00509	3.57524	-1.00509
2.57542	4.33159	2.57542	4.33159
-0.284579	2.36355	-0.284579	2.36355
4.84838	-0.00372839	4.84838	-0.00372839
3.23156	0.934911	3.23156	0.934911
5.8976	-0.844865	5.8976	-0.844865
-1.97719	2.28175	-1.97719	2.28175
-2.9826	-6.45655	-2.9826	-6.45655
-0.369852	3.5059	-0.369852	3.5059
3.31982	-2.26919	3.31982	-2.26919
4.05847	1.79272	4.05847	1.79272
2.70842	-1.78366	2.70842	-1.78366
2.78513	-3.47138	2.78513	-3.47138
1.27863	3.86945	1.27863	3.86945
4.89286	3.78235	4.89286	3.78235
2.12377	-2.52614	2.12377	-2.52614
3.54437	3.47355	3.54437	3.47355
2.57068	3.14313	2.57068	3.14313
5.41415	3.85114	5.41415	3.85114
4.34054	0.889447	4.34054	0.889447
0.198296	2.94803	0.198296	2.94803
4.28787	-3.83104	4.28787	-3.83104
5.90092	1.01128	5.90092	1.01128
5.30094	1.09426	5.30094	1.09426
2.7931	4.16327	2.7931	4.16327
5.40779	2.05392	5.40779	2.05392
1.57771	-2.57601	1.57771	-2.57601
2.30598	-1.21648	2.30598	-1.21648
-0.533307	-1.44166	-0.533307	-1.44166
4.5358	2.21617	4.5358	2.21617
1.14146	4.7164	1.14146	4.7164
2.38745	5.21698	2.38745	5.21698
5.78069	2.69034	5.78069	2.69034
3.12862	0.85756	3.12862	0.85756
-1.41187	-3.3742	-1.41187	-3.3742
4.45268	1.72125	4.45268	1.72125
3.83132	-1.45466	3.83132	-1.45466
-1.14437	5.09655	-1.14437	5.09655
4.88567	2.4503	4.88567	2.4503
2.71191	0.777461	2.71191	0.777461
3.30783	3.38575	3.30783	3.38575
0.976175	-3.61517	0.976175	-3.61517
-2.17909	3.00246	-2.17909	3.00246
3.2388	-2.22443	3.2388	-2.22443
0.958565	-5.27735	0.958565	-5.27735
5.93445	-0.264912	5.93445	-0.264912
3.04741	0.454199	3.04741	0.454199
5.13761	-0.0839986	5.13761	-0.0839986
3.31982	4.83735	3.31982	4.83735
0.68208	-4.15168	0.68208	-4.15168
1.04904	1.36689	1.04904	1.36689
4.38845	-1.13821	4.38845	-1.13821
2.11036	2.58101	2.11036	2.58101
1.73107	5.72639	1.73107	5.72639
2.29793	2.06833	2.29793	2.06833
-0.108329	5.08293	-0.108329	5.08293
6.15529	1.209	6.15529	1.209
4.9207	1.92946	4.9207	1.92946
4.74896	3.34197	4.74896	3.34197
1.61214	-0.0218587	1.61214	-0.0218587
3.97083	4.56211	3.97083	4.56211
-0.6748	-2.25118	-0.6748	-2.25118
0.0943213	1.2401	0.0943213	1.2401
0.658181	5.34908	0.658181	5.34908
0.741509	5.86918	0.741509	5.86918
1.88313	-3.63655	1.88313	-3.63655
4.82245	1.38945	4.82245	1.38945
1.21927	5.11245	1.21927	5.11245
5.69938	0.671243	5.69938	0.671243
-2.58063	5.40345	-2.58063	5.40345
3.50982	1.47116	3.50982	1.47116
3.1053	4.28517	3.1053	4.28517
-2.01115	4.70872	-2.01115	4.70872
3.43685	3.14444	3.43685	3.14444
1.44846	5.79693	1.44846	5.79693
0.955739	0.676548	0.955739	0.676548
3.56952	0.345852	3.56952	0.345852
-0.395266	1.2003	-0.395266	1.2003
-0.769498	6.42316	-0.769498	6.42316
-0.0260677	2.41401	-0.0260677	2.41401
3.9224	2.60104	3.9224	2.60104
5.37118	1.91949	5.37118	1.91949
1.38212	-5.64883	1.38212	-5.64883
2.48446	-0.166036	2.48446	-0.166036
0.913331	5.34018	0.913331	5.34018
-1.42234	6.33943	-1.42234	6.33943
5.20513	3.3014	5.20513	3.3014
2.69681	-3.40226	2.69681	-3.40226
2.28736	4.52	2.28736	4.52
0.26126	0.569519	0.26126	0.569519
3.08288	0.715145	3.08288	0.715145
4.55484	-0.633254	4.55484	-0.633254
4.58189	4.27548	4.58189	4.27548
3.93639	2.05064	3.93639	2.05064
3.86608	4.20349	3.86608	4.20349
5.57215	0.688291	5.57215	0.688291
2.67683	4.59075	2.67683	4.59075
0.720928	1.04918	0.720928	1.04918
2.00824	3.53052	2.00824	3.53052
2.28494	-5.01387	2.28494	-5.01387
1.18117	2.44077	1.18117	2.44077
-2.79352	-3.15695	-2.79352	-3.15695
3.24945	1.35701	3.24945	1.35701
-0.942433	2.50815	-0.942433	2.50815
2.32227	5.1648	2.32227	5.1648
-1.3898	4.76475	-1.3898	4.76475
3.44797	3.57608	3.44797	3.57608
1.14526	-5.06098	1.14526	-5.06098
1.2094	-1.46044	1.2094	-1.46044
5.319	-1.10533	5.319	-1.10533
-3.39135	-6.23666	-3.39135	-6.23666
-0.583547	1.41526	-0.583547	1.41526
2.03779	5.02794	2.03779	5.02794
-0.656058	5.05913	-0.656058	5.05913
5.64033	0.295029	5.64033	0.295029
-1.46169	5.66436	-1.46169	5.66436
2.66898	0.058476	2.66898	0.058476
1.18771	3.00658	1.18771	3.00658
2.32968	-5.17547	2.32968	-5.17547
4.80224	3.68388	4.80224	3.68388
-0.451341	2.06579	-0.451341	2.06579
0.779896	-5.61228	0.779896	-5.61228
-0.906425	7.25734	-0.906425	7.25734
3.09409	-2.38616	3.09409	-2.38616
-1.04898	6.21312	-1.04898	6.21312
2.79252	3.60899	2.79252	3.60899
4.75907	4.70877	4.75907	4.70877
2.54941	5.07777	2.54941	5.07777
4.89706	4.26588	4.89706	4.26588
1.1598	-3.65822	1.1598	-3.65822
2.09847	4.07614	2.09847	4.07614
2.3481	4.63297	2.3481	4.63297
-1.51737	-3.07224	-1.51737	-3.07224
2.67544	2.77637	2.67544	2.77637
1.97877	5.30426	1.97877	5.30426
-5.49956	-5.65713	-5.49956	-5.65713
4.4585	0.512303	4.4585	0.512303
2.1461	-5.24317	2.1461	-5.24317
2.91511	2.38442	2.91511	2.38442
5.10656	1.12407	5.10656	1.12407
4.37938	-2.02816	4.37938	-2.02816
5.5934	2.15606	5.5934	2.15606
1.48564	-2.49377	1.48564	-2.49377
2.46303	-4.44687	2.46303	-4.44687
4.11362	4.28414	4.11362	4.28414
2.16479	-3.71259	2.16479	-3.71259
2.4989	4.27827	2.4989	4.27827
1.50756	4.67761	1.50756	4.67761
4.02914	2.1367	4.02914	2.1367
2.05514	-4.88973	2.05514	-4.88973
3.99902	2.46066	3.99902	2.46066
3.4175	-1.54236	3.4175	-1.54236
1.74765	5.42248	1.74765	5.42248
0.902308	3.96844	0.902308	3.96844
-0.449729	6.49541	-0.449729	6.49541
4.58916	2.71742	4.58916	2.71742
4.62638	4.67044	4.62638	4.67044
1.52378	-1.883	1.52378	-1.883
-0.539521	3.52681	-0.539521	3.52681
6.18385	1.16452	6.18385	1.16452
0.37263	4.67552	0.37263	4.67552
2.3206	-4.25994	2.3206	-4.25994
0.0115805	-0.000101089	0.0115805	-0.000101089
4.71336	0.934557	4.71336	0.934557
5.6337	0.951292	5.6337	0.951292
3.70817	2.8623	3.70817	2.8623
5.07469	-0.267575	5.07469	-0.267575
2.57913	5.58343	2.57913	5.58343
-1.06504	-2.17356	-1.06504	-2.17356
1.19094	0.721135	1.19094	0.721135
7.47026	4.30187	7.47026	4.30187
4.24074	-0.511302	4.24074	-0.511302
1.79257	-0.134941	1.79257	-0.134941
5.97017	-5.2761	5.97017	-5.2761
0.181374	2.37986	0.181374	2.37986
4.91512	-0.32063	4.91512	-0.32063
6.29168	2.1362	6.29168	2.1362
5.87897	3.09617	5.87897	3.09617
1.58121	4.85322	1.58121	4.85322
1.88093	3.86352	1.88093	3.86352
3.84168	2.37195	3.84168	2.37195
0.372062	-2.72446	0.372062	-2.72446
-3.39446	0.119452	-3.39446	0.119452
4.29399	2.36173	4.29399	2.36173
2.19409	4.35316	2.19409	4.35316
3.31951	0.35841	3.31951	0.35841
3.50864	-1.47718	3.50864	-1.47718
-0.527361	-0.0357466	-0.527361	-0.0357466
1.70095	-1.95936	1.70095	-1.95936
2.3412	-2.25578	2.3412	-2.25578
-3.42563	0.0105052	-3.42563	0.0105052
-4.71083	0.873028	-4.71083	0.873028
1.79721	4.20421	1.79721	4.20421
-0.845079	-2.99051	-0.845079	-2.99051
1.66827	4.73722	1.66827	4.73722
-1.21042	2.98535	-1.21042	2.98535
3.91428	2.95766	3.91428	2.95766
0.523284	4.12872	0.523284	4.12872
4.94053	3.43877	4.94053	3.43877
2.96624	-1.42305	2.96624	-1.42305
3.10505	-2.37327	3.10505	-2.37327
2.24739	4.18744	2.24739	4.18744
2.21694	2.39502	2.21694	2.39502
1.1636	-0.993153	1.1636	-0.993153
-0.201449	-3.29294	-0.201449	-3.29294
3.10583	5.70668	3.10583	5.70668
1.17252	-1.75841	1.17252	-1.75841
1.69486	5.10981	1.69486	5.10981
1.32044	4.324	1.32044	4.324
3.91431	5.99332	3.91431	5.99332
4.15666	-4.60082	4.15666	-4.60082
-1.34073	2.67976	-1.34073	2.67976
2.90194	0.913905	2.90194	0.913905
-0.0744705	-0.400152	-0.0744705	-0.400152
3.76672	-1.6073	3.76672	-1.6073
2.65784	6.51365	2.65784	6.51365
1.39063	-3.65678	1.39063	-3.65678
3.59695	0.217656	3.59695	0.217656
-2.15319	2.61609	-2.15319	2.61609
0.395721	-4.55856	0.395721	-4.55856
3.03496	0.94254	3.03496	0.94254
2.07037	3.50668	2.07037	3.50668
-0.348894	-1.68709	-0.348894	-1.68709
0.0818839	3.50969	0.0818839	3.50969
0.756678	5.66752	0.756678	5.66752
5.59422	4.55583	5.59422	4.55583
1.45088	-1.30267	1.45088	-1.30267
4.53751	1.0652	4.53751	1.0652
0.217701	0.0440249	0.217701	0.0440249
3.42431	-2.81234	3.42431	-2.81234
1.40011	-0.483965	1.40011	-0.483965
2.37275	-1.05295	2.37275	-1.05295
2.03749	4.41509	2.03749	4.41509
0.418154	5.90432	0.418154	5.90432
0.586927	0.994923	0.586927	0.994923
4.34071	-0.519059	4.34071	-0.519059
4.90929	0.730914	4.90929	0.730914
1.95602	6.13876	1.95602	6.13876
3.20828	-1.04941	3.20828	-1.04941
5.19828	1.13123	5.19828	1.13123
5.14221	-0.128117	5.14221	-0.128117
4.18362	5.99829	4.18362	5.99829
3.60217	3.92432	3.60217	3.92432
2.58123	1.04307	2.58123	1.04307
1.37582	-0.661407	1.37582	-0.661407
0.720155	-5.78285	0.720155	-5.78285
2.98117	-0.313693	2.98117	-0.313693
2.28117	-0.591749	2.28117	-0.591749
-2.31071	1.94831	-2.31071	1.94831
4.03326	-2.01886	4.03326	-2.01886
1.77483	-2.79702	1.77483	-2.79702
-0.164231	5.04102	-0.164231	5.04102
5.50203	2.79005	5.50203	2.79005
-2.97519	1.24716	-2.97519	1.24716
6.3987	0.260451	6.3987	0.260451
-2.45329	0.803439	-2.45329	0.803439
4.74676	3.10591	4.74676	3.10591
2.85826	-2.37056	2.85826	-2.37056
1.45686	-4.81315	1.45686	-4.81315
3.93925	4.76811	3.93925	4.76811
1.5064	-1.75795	1.5064	-1.75795
4.38674	0.136147	4.38674	0.136147
4.05581	-1.02142	4.05581	-1.02142
4.9082	-1.44963	4.9082	-1.44963
2.17897	3.40179	2.17897	3.40179
3.74748	-2.96198	3.74748	-2.96198
2.55373	0.594883	2.55373	0.594883
3.36436	3.73244	3.36436	3.73244
2.82832	2.27348	2.82832	2.27348
2.93553	6.83565	2.93553	6.83565
3.15721	-0.3642	3.15721	-0.3642
0.432007	-2.40909	0.432007	-2.40909
3.30505	-2.70858	3.30505	-2.70858
1.47212	-0.694164	1.47212	-0.694164
5.05016	2.44046	5.05016	2.44046
0.155976	-3.11881	0.155976	-3.11881
1.40284	-2.22647	1.40284	-2.22647
4.75431	0.92394	4.75431	0.92394
-1.37964	-1.75692	-1.37964	-1.75692
0.710306	0.73819	0.710306	0.73819
0.231416	3.04139	0.231416	3.04139
2.46923	-1.52151	2.46923	-1.52151
4.25698	1.35557	4.25698	1.35557
3.71122	2.69037	3.71122	2.69037
4.7896	0.252786	4.7896	0.252786
1.73946	4.1376	1.73946	4.1376
0.508043	0.352597	0.508043	0.352597
3.60607	4.15569	3.60607	4.15569
2.88436	2.70292	2.88436	2.70292
3.03627	1.34406	3.03627	1.34406
2.36262	2.20325	2.36262	2.20325
1.31685	5.41436	1.31685	5.41436
4.19848	1.79459	4.19848	1.79459
5.0677	2.71912	5.0677	2.71912
3.34006	-0.0901446	3.34006	-0.0901446
3.88244	-0.741013	3.88244	-0.741013
3.66446	2.7089	3.66446	2.7089
4.76863	-0.0758436	4.76863	-0.0758436
2.41337	-1.81208	2.41337	-1.81208
4.36668	-1.44466	4.36668	-1.44466
5.10522	0.276453	5.10522	0.276453
4.80949	2.18907	4.80949	2.18907
2.55056	5.44928	2.55056	5.44928
3.48121	3.51986	3.48121	3.51986
-4.48852	-3.95993	-4.48852	-3.95993
-0.915429	-1.2987	-0.915429	-1.2987
-0.979696	-2.74151	-0.979696	-2.74151
-0.675149	3.60321	-0.675149	3.60321
-2.53441	4.75561	-2.53441	4.75561
-1.56284	4.75993	-1.56284	4.75993
-1.26366	3.49959	-1.26366	3.49959
3.79853	3.65852	3.79853	3.65852
1.95979	-0.832339	1.95979	-0.832339
1.46018	2.42217	1.46018	2.42217
4.67036	0.16269	4.67036	0.16269
-1.27142	-3.84598	-1.27142	-3.84598
1.96474	6.54816	1.96474	6.54816
2.71475	2.86564	2.71475	2.86564
5.33877	-1.17394	5.33877	-1.17394
0.814868	6.2976	0.814868	6.2976
2.95968	3.83148	2.95968	3.83148
4.12817	0.310094	4.12817	0.310094
3.77037	2.7705	3.77037	2.7705
1.36301	1.80696	1.36301	1.80696
4.9769	2.81891	4.9769	2.81891
6.26481	2.88276	6.26481	2.88276
3.01056	0.0479822	3.01056	0.0479822
6.2298	1.42916	6.2298	1.42916
2.63089	-1.65845	2.63089	-1.65845
3.5769	-4.32897	3.5769	-4.32897
1.83046	-3.7198	1.83046	-3.7198
4.41609	-0.326659	4.41609	-0.326659
0.699567	2.62492	0.699567	2.62492
-0.72923	-1.385	-0.72923	-1.385
5.17178	0.912104	5.17178	0.912104
2.10165	4.16579	2.10165	4.16579
6.11668	-0.0645937	6.11668	-0.0645937
2.85611	4.96803	2.85611	4.96803
1.62207	1.06844	1.62207	1.06844
2.08651	-4.60018	2.08651	-4.60018
1.45976	5.34602	1.45976	5.34602
4.59752	-0.630444	4.59752	-0.630444
4.6373	2.67582	4.6373	2.67582
-0.483472	0.187732	-0.483472	0.187732
3.64916	3.90898	3.64916	3.90898
1.74345	-1.47135	1.74345	-1.47135
1.72896	4.91706	1.72896	4.91706
2.49468	3.8317	2.49468	3.8317
1.3096	6.22446	1.3096	6.22446
1.98523	4.6662	1.98523	4.6662
3.97221	2.45559	3.97221	2.45559
3.64843	-1.90567	3.64843	-1.90567
-2.91699	5.3339	-2.91699	5.3339
3.88202	2.83755	3.88202	2.83755
-3.37796	1.73743	-3.37796	1.73743
2.13924	1.21358	2.13924	1.21358
0.201257	1.65954	0.201257	1.65954
1.95164	-2.51588	1.95164	-2.51588
-2.53183	2.04511	-2.53183	2.04511
3.12665	-4.39755	3.12665	-4.39755
4.69082	-0.777495	4.69082	-0.777495
4.38886	-0.863225	4.38886	-0.863225
5.48186	1.84558	5.48186	1.84558
1.29904	5.03909	1.29904	5.03909
2.96753	-2.32019	2.96753	-2.32019
1.98127	5.12466	1.98127	5.12466
3.91956	3.21597	3.91956	3.21597
3.94763	-1.04053	3.94763	-1.04053
2.84431	-2.51329	2.84431	-2.51329
2.10279	-0.225345	2.10279	-0.225345
4.20437	-3.99222	4.20437	-3.99222
-0.261611	4.0937	-0.261611	4.0937
1.09593	-0.83398	1.09593	-0.83398
0.100582	6.10762	0.100582	6.10762
5.28463	2.1901	5.28463	2.1901
0.443878	3.88657	0.443878	3.88657
3.47147	5.2326	3.47147	5.2326
1.91088	4.81996	1.91088	4.81996
4.02602	-1.50731	4.02602	-1.50731
1.43518	5.78206	1.43518	5.78206
-0.756169	-5.83162	-0.756169	-5.83162
1.65197	-1.87216	1.65197	-1.87216
2.24332	5.14118	2.24332	5.14118
2.56712	3.73211	2.56712	3.73211
3.18595	3.61254	3.18595	3.61254
2.10215	1.1917	2.10215	1.1917
4.33657	5.2157	4.33657	5.2157
4.52762	-1.95728	4.52762	-1.95728
1.43078	7.33988	1.43078	7.33988
4.48148	1.19137	4.48148	1.19137
-2.02145	5.6748	-2.02145	5.6748
1.66121	2.39081	1.66121	2.39081
2.51048	6.38377	2.51048	6.38377
1.37004	-0.447844	1.37004	-0.447844
2.63984	3.91441	2.63984	3.91441
3.48922	-3.1939	3.48922	-3.1939
2.95977	0.241791	2.95977	0.241791
1.68161	0.279037	1.68161	0.279037
-2.52995	3.29992	-2.52995	3.29992
5.29805	3.67292	5.29805	3.67292
3.50834	3.31955	3.50834	3.31955
3.7177	-0.359661	3.7177	-0.359661
4.06412	2.80643	4.06412	2.80643
4.16323	2.41093	4.16323	2.41093
2.313	4.29639	2.313	4.29639
2.61008	-1.45488	2.61008	-1.45488
5.60175	1.56891	5.60175	1.56891
3.47154	4.00851	3.47154	4.00851
3.3454	-2.17404	3.3454	-2.17404
4.77241	-1.14711	4.77241	-1.14711
2.87731	-4.86298	2.87731	-4.86298
4.32204	-0.550784	4.32204	-0.550784
4.81539	2.01686	4.81539	2.01686
2.83117	-1.29498	2.83117	-1.29498
2.42096	4.57179	2.42096	4.57179
3.99367	0.104378	3.99367	0.104378
5.04107	3.56341	5.04107	3.56341
2.16136	-5.28336	2.16136	-5.28336
4.37716	2.11737	4.37716	2.11737
3.10167	-2.62761	3.10167	-2.62761
0.129511	5.19751	0.129511	5.19751
1.5591	3.0369	1.5591	3.0369
2.37979	-0.811272	2.37979	-0.811272
3.10146	5.81399	3.10146	5.81399
2.3223	0.902674	2.3223	0.902674
0.913809	-2.85792	0.913809	-2.85792
0.652816	6.13264	0.652816	6.13264
-0.0595788	6.57096	-0.0595788	6.57096
1.52857	2.58316	1.52857	2.58316
4.62521	1.75243	4.62521	1.75243
-0.201576	-1.58356	-0.201576	-1.58356
1.15741	4.02855	1.15741	4.02855
1.61741	0.484429	1.61741	0.484429
4.31091	2.68332	4.31091	2.68332
3.69076	0.886105	3.69076	0.886105
0.0891223	-1.14229	0.0891223	-1.14229
4.93218	-1.95534	4.93218	-1.95534
0.757481	5.30193	0.757481	5.30193
2.39975	6.0963	2.39975	6.0963
-0.219513	-6.79173	-0.219513	-6.79173
1.39728	3.70663	1.39728	3.70663
3.49099	4.47328	3.49099	4.47328
3.41534	5.23878	3.41534	5.23878
4.98108	1.1585	4.98108	1.1585
4.13571	-3.39109	4.13571	-3.39109
2.17923	-4.23543	2.17923	-4.23543
0.830623	-1.22157	0.830623	-1.22157
3.60111	3.47965	3.60111	3.47965
0.3409	-2.41881	0.3409	-2.41881
-0.0206609	-1.54398	-0.0206609	-1.54398
5.31859	1.38277	5.31859	1.38277
2.62032	4.33853	2.62032	4.33853
1.69741	-4.76584	1.69741	-4.76584
3.41413	3.49853	3.41413	3.49853
4.13607	-1.06822	4.13607	-1.06822
4.35771	3.37829	4.35771	3.37829
5.5625	-2.04083	5.5625	-2.04083
1.84245	-2.35073	1.84245	-2.35073
1.51686	5.33773	1.51686	5.33773
5.42396	-0.888316	5.42396	-0.888316
1.64252	-1.25201	1.64252	-1.25201
3.76509	3.4276	3.76509	3.4276
3.91854	-0.150942	3.91854	-0.150942
3.81883	4.63381	3.81883	4.63381
-1.88171	5.43077	-1.88171	5.43077
2.27328	4.73551	2.27328	4.73551
1.63182	1.80028	1.63182	1.80028
4.04551	2.91444	4.04551	2.91444
5.59673	0.758897	5.59673	0.758897
0.72786	5.3881	0.72786	5.3881
5.08513	1.53924	5.08513	1.53924
1.36869	6.67688	1.36869	6.67688
-0.10706	2.51273	-0.10706	2.51273
-1.43281	5.58749	-1.43281	5.58749
7.14865	0.423842	7.14865	0.423842
0.744337	4.5251	0.744337	4.5251
2.74829	1.92597	2.74829	1.92597
4.60333	4.33533	4.60333	4.33533
1.86481	3.659	1.86481	3.659
4.70854	3.16407	4.70854	3.16407
1.43658	0.651988	1.43658	0.651988
3.80978	-2.84418	3.80978	-2.84418
5.3063	0.236941	5.3063	0.236941
-2.49582	0.669699	-2.49582	0.669699
1.55541	-4.1306	1.55541	-4.1306
3.33142	-2.01775	3.33142	-2.01775
3.67325	-1.97462	3.67325	-1.97462
1.2498	3.85441	1.2498	3.85441
1.55274	4.15593	1.55274	4.15593
4.92974	-1.02559	4.92974	-1.02559
2.74155	-0.284418	2.74155	-0.284418
3.07998	3.98698	3.07998	3.98698
3.69658	2.82872	3.69658	2.82872
0.302502	1.50357	0.302502	1.50357
4.58077	-2.06466	4.58077	-2.06466
-0.560456	-2.79314	-0.560456	-2.79314
0.717692	-3.61395	0.717692	-3.61395
4.69122	1.80959	4.69122	1.80959
1.49581	4.87256	1.49581	4.87256
5.40996	0.771945	5.40996	0.771945
2.99091	1.27067	2.99091	1.27067
1.49966	6.4324	1.49966	6.4324
-0.476352	3.35058	-0.476352	3.35058
2.85731	3.89525	2.85731	3.89525
4.78641	-1.80193	4.78641	-1.80193
3.56865	3.92608	3.56865	3.92608
4.22971	1.95844	4.22971	1.95844
4.2331	-3.59253	4.2331	-3.59253
3.07457	1.86688	3.07457	1.86688
3.95154	1.53349	3.95154	1.53349
-0.549718	6.00216	-0.549718	6.00216
4.59473	1.06874	4.59473	1.06874
3.3732	3.90779	3.3732	3.90779
-1.47471	4.61047	-1.47471	4.61047
4.14434	1.32951	4.14434	1.32951
4.81014	0.844218	4.81014	0.844218
0.652153	0.069912	0.652153	0.069912
-1.40156	0.0147595	-1.40156	0.0147595
4.80215	-0.198632	4.80215	-0.198632
4.49687	1.16995	4.49687	1.16995
0.151811	3.74797	0.151811	3.74797
4.426	0.477043	4.426	0.477043
1.36706	-0.035634	1.36706	-0.035634
1.4546	4.4451	1.4546	4.4451
2.07252	1.91528	2.07252	1.91528
4.0113	1.78315	4.0113	1.78315
-1.42601	-0.197051	-1.42601	-0.197051
6.58126	3.78102	6.58126	3.78102
4.97574	2.54625	4.97574	2.54625
6.37153	1.68463	6.37153	1.68463
-1.08065	4.66119	-1.08065	4.66119
-0.444516	-0.66095	-0.444516	-0.66095
5.3727	-0.969079	5.3727	-0.969079
5.10026	0.381894	5.10026	0.381894
1.8726	6.78357	1.8726	6.78357
2.21147	-4.39382	2.21147	-4.39382
4.62642	3.91375	4.62642	3.91375
1.11991	3.87449	1.11991	3.87449
2.11401	5.89278	2.11401	5.89278
5.44193	-1.06232	5.44193	-1.06232
4.18155	2.11522	4.18155	2.11522
-2.03001	1.0847	-2.03001	1.0847
2.01728	-1.84036	2.01728	-1.84036
-1.26694	-3.16815	-1.26694	-3.16815
5.18464	-0.672024	5.18464	-0.672024
4.38394	-2.04791	4.38394	-2.04791
3.84909	2.59865	3.84909	2.59865
2.55291	-3.35599	2.55291	-3.35599
4.94615	0.377412	4.94615	0.377412
3.21307	-0.867466	3.21307	-0.867466
3.26881	3.05251	3.26881	3.05251
5.24685	0.533613	5.24685	0.533613
1.99585	5.64582	1.99585	5.64582
2.35412	3.8399	2.35412	3.8399
3.42304	2.52488	3.42304	2.52488
4.30242	1.73645	4.30242	1.73645
-0.786495	5.27769	-0.786495	5.27769
2.44045	1.17492	2.44045	1.17492
-0.403152	-3.24493	-0.403152	-3.24493
2.056	5.8255	2.056	5.8255
6.48424	-2.25499	6.48424	-2.25499
5.59037	0.597024	5.59037	0.597024
1.65045	-3.98724	1.65045	-3.98724
2.68312	4.10492	2.68312	4.10492
1.40109	6.46779	1.40109	6.46779
3.39574	0.916953	3.39574	0.916953
0.853738	0.892286	0.853738	0.892286
2.32388	-0.468387	2.32388	-0.468387
4.94343	2.88474	4.94343	2.88474
1.84777	1.87265	1.84777	1.87265
4.18931	-2.90874	4.18931	-2.90874
1.36424	2.05287	1.36424	2.05287
4.99178	-1.74838	4.99178	-1.74838
0.0948672	-3.64511	0.0948672	-3.64511
4.67213	0.726923	4.67213	0.726923
3.69543	2.8687	3.69543	2.8687
3.9129	5.0549	3.9129	5.0549
-0.495778	2.30898	-0.495778	2.30898
4.79437	-1.90283	4.79437	-1.90283
3.32426	-0.28688	3.32426	-0.28688
-0.432704	5.82192	-0.432704	5.82192
3.44335	3.65149	3.44335	3.65149
0.269634	4.0487	0.269634	4.0487
-1.28432	3.14246	-1.28432	3.14246
-0.122643	3.79757	-0.122643	3.79757
-0.0522008	1.40165	-0.0522008	1.40165
-3.67923	-2.58509	-3.67923	-2.58509
4.96921	3.33034	4.96921	3.33034
3.6303	0.335453	3.6303	0.335453
3.14745	4.255	3.14745	4.255
4.73945	0.100632	4.73945	0.100632
5.53268	1.77428	5.53268	1.77428
2.54712	2.69608	2.54712	2.69608
-0.317946	5.38132	-0.317946	5.38132
4.21228	-3.05874	4.21228	-3.05874
0.748599	-2.23932	0.748599	-2.23932
4.88307	0.0666428	4.88307	0.0666428
1.18976	-4.10597	1.18976	-4.10597
4.85974	2.9402	4.85974	2.9402
1.72281	3.80909	1.72281	3.80909
0.275736	-5.06637	0.275736	-5.06637
2.87627	4.82531	2.87627	4.82531
4.44389	2.10756	4.44389	2.10756
3.71858	3.45472	3.71858	3.45472
-0.271277	2.72986	-0.271277	2.72986
1.86845	4.89227	1.86845	4.89227
2.1348	-1.99725	2.1348	-1.99725
4.78576	0.29897	4.78576	0.29897
-0.155031	-5.07708	-0.155031	-5.07708
4.51553	3.41395	4.51553	3.41395
4.65952	2.74947	4.65952	2.74947
1.74464	4.51747	1.74464	4.51747
1.01881	0.649259	1.01881	0.649259
4.26725	-0.682898	4.26725	-0.682898
1.54228	4.90381	1.54228	4.90381
4.89846	1.01012	4.89846	1.01012
2.80068	2.37665	2.80068	2.37665
4.19229	3.73016	4.19229	3.73016
4.05098	1.01491	4.05098	1.01491
-1.12898	2.98069	-1.12898	2.98069
5.22919	1.46262	5.22919	1.46262
3.11774	1.03004	3.11774	1.03004
2.96302	-4.56909	2.96302	-4.56909
5.73147	-0.809837	5.73147	-0.809837
0.70665	6.41892	0.70665	6.41892
4.325	3.79668	4.325	3.79668
-0.288517	5.21526	-0.288517	5.21526
2.94222	3.35901	2.94222	3.35901
5.47224	3.35843	5.47224	3.35843
1.99759	1.02321	1.99759	1.02321
3.28463	0.182148	3.28463	0.182148
2.94556	3.1246	2.94556	3.1246
2.49785	0.928395	2.49785	0.928395
2.09421	4.8936	2.09421	4.8936
2.06008	2.95377	2.06008	2.95377
2.9397	3.65062	2.9397	3.65062
-0.163282	3.73547	-0.163282	3.73547
5.13615	0.683762	5.13615	0.683762
4.34656	-1.05164	4.34656	-1.05164
7.11649	1.4844	7.11649	1.4844
5.09988	1.21331	5.09988	1.21331
3.35251	3.25018	3.35251	3.25018
4.24551	2.15798	4.24551	2.15798
3.1012	-0.674559	3.1012	-0.674559
-0.941529	5.92844	-0.941529	5.92844
1.10028	0.410399	1.10028	0.410399
4.94656	0.438768	4.94656	0.438768
2.38595	5.09629	2.38595	5.09629
-0.38864	0.774129	-0.38864	0.774129
4.37963	3.58081	4.37963	3.58081
-0.0856786	4.88041	-0.0856786	4.88041
5.22501	0.842424	5.22501	0.842424
4.74362	4.3474	4.74362	4.3474
-4.34363	2.29374	-4.34363	2.29374
2.41374	4.48801	2.41374	4.48801
0.370008	-2.20135	0.370008	-2.20135
2.87799	2.43007	2.87799	2.43007
2.96616	5.2322	2.96616	5.2322
5.05286	-0.189183	5.05286	-0.189183
3.27322	4.76294	3.27322	4.76294
1.53981	3.68938	1.53981	3.68938
-0.273559	2.20457	-0.273559	2.20457
3.80709	2.75128	3.80709	2.75128
3.9783	4.71246	3.9783	4.71246
4.45346	0.931177	4.45346	0.931177
3.82593	-4.21526	3.82593	-4.21526
-2.74495	-2.96132	-2.74495	-2.96132
4.67249	1.13603	4.67249	1.13603
4.78992	2.29954	4.78992	2.29954
3.01487	3.04171	3.01487	3.04171
2.49294	1.1875	2.49294	1.1875
6.12556	1.92122	6.12556	1.92122
0.964937	5.93185	0.964937	5.93185
2.16272	1.86249	2.16272	1.86249
2.49975	5.45756	2.49975	5.45756
5.15635	-1.10221	5.15635	-1.10221
3.14336	-2.22832	3.14336	-2.22832
2.73	4.45128	2.73	4.45128
3.96008	3.57546	3.96008	3.57546
2.01384	4.56	2.01384	4.56
0.905069	1.92767	0.905069	1.92767
2.07734	-5.07224	2.07734	-5.07224
0.169756	0.0488276	0.169756	0.0488276
2.32639	2.20486	2.32639	2.20486
6.15526	1.59146	6.15526	1.59146
0.872004	-4.37608	0.872004	-4.37608
3.69771	0.704122	3.69771	0.704122
1.02697	-5.11402	1.02697	-5.11402
1.84209	2.0454	1.84209	2.0454
5.90015	-1.06919	5.90015	-1.06919
2.27802	-1.99065	2.27802	-1.99065
4.85396	2.41126	4.85396	2.41126
5.02489	-3.77902	5.02489	-3.77902
2.46197	1.69086	2.46197	1.69086
1.27241	3.30608	1.27241	3.30608
4.20852	4.61644	4.20852	4.61644
0.167014	-0.969409	0.167014	-0.969409
0.464125	1.83848	0.464125	1.83848
2.85761	-1.98265	2.85761	-1.98265
4.64957	4.43109	4.64957	4.43109
-0.426644	5.25114	-0.426644	5.25114
-0.233115	3.23626	-0.233115	3.23626
3.6363	-5.07559	3.6363	-5.07559
1.04899	4.53498	1.04899	4.53498
2.84175	4.3252	2.84175	4.3252
4.97026	0.454319	4.97026	0.454319
5.72952	3.29139	5.72952	3.29139
4.95531	0.130841	4.95531	0.130841
3.21347	6.56734	3.21347	6.56734
1.41624	-5.62482	1.41624	-5.62482
4.3721	-1.2352	4.3721	-1.2352
-1.5862	-5.38504	-1.5862	-5.38504
2.34451	1.29632	2.34451	1.29632
3.8185	3.94239	3.8185	3.94239
5.12923	0.828519	5.12923	0.828519
1.22085	1.54064	1.22085	1.54064
2.81854	-3.78037	2.81854	-3.78037
0.361653	-1.70593	0.361653	-1.70593
4.34331	-0.646297	4.34331	-0.646297
5.21307	3.06801	5.21307	3.06801
-6.14811	5.75541	-6.14811	5.75541
2.8917	4.58457	2.8917	4.58457
4.96631	-0.837354	4.96631	-0.837354
-0.371125	-0.465346	-0.371125	-0.465346
-2.55237	4.72469	-2.55237	4.72469
1.94467	5.46426	1.94467	5.46426
3.68232	0.870618	3.68232	0.870618
0.0759916	1.42986	0.0759916	1.42986
3.70974	2.13931	3.70974	2.13931
0.997593	1.27241	0.997593	1.27241
2.41029	4.48276	2.41029	4.48276
4.53493	0.561358	4.53493	0.561358
2.38852	0.408805	2.38852	0.408805
-0.570351	2.28712	-0.570351	2.28712
4.41538	0.210081	4.41538	0.210081
3.59629	-2.14365	3.59629	-2.14365
1.00481	4.5374	1.00481	4.5374
4.41831	1.44145	4.41831	1.44145
0.789238	-1.15955	0.789238	-1.15955
3.56743	-3.19167	3.56743	-3.19167
4.24217	-2.00986	4.24217	-2.00986
2.89563	3.68601	2.89563	3.68601
2.45171	4.54633	2.45171	4.54633
-1.32586	-5.49573	-1.32586	-5.49573
3.09081	2.56525	3.09081	2.56525
2.03064	-4.36848	2.03064	-4.36848
2.68167	0.0225592	2.68167	0.0225592
2.82222	0.990476	2.82222	0.990476
1.52818	3.21784	1.52818	3.21784
6.2367	0.534536	6.2367	0.534536
1.46599	4.79262	1.46599	4.79262
1.7573	-1.64927	1.7573	-1.64927
4.39536	2.71343	4.39536	2.71343
1.51355	-0.58561	1.51355	-0.58561
-1.93323	-0.728851	-1.93323	-0.728851
4.12946	-0.493387	4.12946	-0.493387
0.674302	2.90765	0.674302	2.90765
-0.074461	2.87802	-0.074461	2.87802
4.4503	3.12446	4.4503	3.12446
2.91374	-1.70835	2.91374	-1.70835
3.81199	-0.851855	3.81199	-0.851855
0.670542	-6.05526	0.670542	-6.05526
0.264472	1.76262	0.264472	1.76262
0.467877	-5.71569	0.467877	-5.71569
3.8355	-0.0193834	3.8355	-0.0193834
3.02141	3.25156	3.02141	3.25156
4.58981	1.89455	4.58981	1.89455
3.14167	1.90658	3.14167	1.90658
5.2489	1.67562	5.2489	1.67562
1.11785	5.93889	1.11785	5.93889
0.275793	-0.100575	0.275793	-0.100575
2.21767	3.51048	2.21767	3.51048
1.55132	-4.37257	1.55132	-4.37257
0.170389	-5.32804	0.170389	-5.32804
1.20134	-2.62114	1.20134	-2.62114
3.65693	6.3878	3.65693	6.3878
4.93295	1.71262	4.93295	1.71262
0.271117	6.43843	0.271117	6.43843
-0.903999	-6.2151	-0.903999	-6.2151
2.75143	2.02988	2.75143	2.02988
1.60227	4.79493	1.60227	4.79493
3.67474	2.94798	3.67474	2.94798
6.36198	1.62545	6.36198	1.62545
3.03811	3.8825	3.03811	3.8825
3.72764	1.80878	3.72764	1.80878
1.76845	-3.79781	1.76845	-3.79781
-0.208849	7.59436	-0.208849	7.59436
6.56861	-0.416827	6.56861	-0.416827
5.05851	0.832666	5.05851	0.832666
1.52351	4.75829	1.52351	4.75829
3.63585	4.79476	3.63585	4.79476
-0.620153	4.70397	-0.620153	4.70397
4.7351	0.207662	4.7351	0.207662
1.69913	2.62009	1.69913	2.62009
1.5542	4.67237	1.5542	4.67237
5.50444	2.12713	5.50444	2.12713
6.6669	1.47447	6.6669	1.47447
3.57289	-4.11928	3.57289	-4.11928
2.65685	5.79339	2.65685	5.79339
3.50951	3.51111	3.50951	3.51111
4.39194	3.29997	4.39194	3.29997
3.44112	0.400196	3.44112	0.400196
3.59172	3.30174	3.59172	3.30174
0.718232	-1.63089	0.718232	-1.63089
1.9482	-3.87752	1.9482	-3.87752
4.29341	-3.10541	4.29341	-3.10541
3.65754	6.2234	3.65754	6.2234
5.09271	1.47154	5.09271	1.47154
1.04494	-0.173783	1.04494	-0.173783
5.10147	-2.93773	5.10147	-2.93773
0.291434	2.62251	0.291434	2.62251
1.01263	4.85834	1.01263	4.85834
3.12748	4.08545	3.12748	4.08545
-4.6058	4.94503	-4.6058	4.94503
5.17194	5.12134	5.17194	5.12134
1.3726	-1.53347	1.3726	-1.53347
-0.22571	4.23782	-0.22571	4.23782
2.08789	4.57854	2.08789	4.57854
-2.27068	-1.90474	-2.27068	-1.90474
4.70537	-3.45854	4.70537	-3.45854
1.58885	5.01267	1.58885	5.01267
3.40097	-2.53071	3.40097	-2.53071
5.1066	-0.692446	5.1066	-0.692446
4.88055	1.42123	4.88055	1.42123
3.4123	-0.742308	3.4123	-0.742308
1.26399	-3.23097	1.26399	-3.23097
0.926556	-4.61603	0.926556	-4.61603
-0.438731	-1.41624	-0.438731	-1.41624
3.98393	4.80312	3.98393	4.80312
3.61141	2.33761	3.61141	2.33761
-1.53921	-1.64202	-1.53921	-1.64202
1.22339	-1.29037	1.22339	-1.29037
-0.138977	3.36088	-0.138977	3.36088
0.994624	6.65206	0.994624	6.65206
0.60335	5.33828	0.60335	5.33828
-1.08253	5.2733	-1.08253	5.2733
3.79022	-0.671892	3.79022	-0.671892
5.11185	1.96492	5.11185	1.96492
4.6515	0.425002	4.6515	0.425002
3.41251	-0.16502	3.41251	-0.16502
3.48457	-3.36337	3.48457	-3.36337
1.32067	6.33858	1.32067	6.33858
0.19561	-6.72235	0.19561	-6.72235
4.46793	0.384943	4.46793	0.384943
1.87093	-3.72329	1.87093	-3.72329
1.71314	4.13724	1.71314	4.13724
4.62625	-1.92111	4.62625	-1.92111
4.67455	-3.09545	4.67455	-3.09545
1.73335	-2.63565	1.73335	-2.63565
-2.00483	5.04711	-2.00483	5.04711
3.44165	1.55716	3.44165	1.55716
-3.82503	0.862267	-3.82503	0.862267
3.20461	6.13944	3.20461	6.13944
1.59703	-5.24755	1.59703	-5.24755
2.73974	2.20728	2.73974	2.20728
1.25944	5.9974	1.25944	5.9974
1.76228	3.12836	1.76228	3.12836
6.03089	5.91522	6.03089	5.91522
-2.1981	5.86842	-2.1981	5.86842
4.40475	1.51509	4.40475	1.51509
2.2692	-2.34813	2.2692	-2.34813
1.08455	3.78428	1.08455	3.78428
-0.141518	2.14823	-0.141518	2.14823
6.19027	0.0713177	6.19027	0.0713177
5.93292	-3.5401	5.93292	-3.5401
0.814182	0.179074	0.814182	0.179074
-0.964184	5.45908	-0.964184	5.45908
5.43717	-2.50342	5.43717	-2.50342
4.52519	0.796679	4.52519	0.796679
6.11819	1.45087	6.11819	1.45087
0.62432	6.37606	0.62432	6.37606
2.2288	5.08924	2.2288	5.08924
3.2733	2.65336	3.2733	2.65336
6.39052	0.651532	6.39052	0.651532
4.52422	0.318201	4.52422	0.318201
5.05107	1.90029	5.05107	1.90029
-0.250538	-6.02631	-0.250538	-6.02631
2.56776	4.0318	2.56776	4.0318
-1.34825	-0.298143	-1.34825	-0.298143
0.12129	-0.782826	0.12129	-0.782826
-0.834092	-4.07556	-0.834092	-4.07556
3.843	2.864	3.843	2.864
4.41678	-1.77245	4.41678	-1.77245
5.75568	-1.61035	5.75568	-1.61035
3.65422	2.75891	3.65422	2.75891
1.75295	0.2378	1.75295	0.2378
-0.739626	-5.63873	-0.739626	-5.63873
3.03208	-1.81109	3.03208	-1.81109
-2.46609	5.27302	-2.46609	5.27302
4.38129	-1.47985	4.38129	-1.47985
-0.894657	-0.437941	-0.894657	-0.437941
4.78713	0.260723	4.78713	0.260723
7.56295	2.63552	7.56295	2.63552
3.36716	-1.14299	3.36716	-1.14299
0.702543	6.11978	0.702543	6.11978
2.61309	4.74802	2.61309	4.74802
-0.724487	1.04931	-0.724487	1.04931
3.6811	3.41129	3.6811	3.41129
4.39653	-2.12362	4.39653	-2.12362
5.14121	2.67535	5.14121	2.67535
0.0880656	-0.562406	0.0880656	-0.562406
-1.86159	-0.783629	-1.86159	-0.783629
0.650034	-0.961062	0.650034	-0.961062
-0.210636	-5.98446	-0.210636	-5.98446
-4.96565	-3.82029	-4.96565	-3.82029
3.02996	0.965273	3.02996	0.965273
5.22447	-2.39219	5.22447	-2.39219
2.49933	1.73086	2.49933	1.73086
1.04034	2.1923	1.04034	2.1923
0.762579	4.36329	0.762579	4.36329
1.52477	4.83891	1.52477	4.83891
2.12966	-1.83429	2.12966	-1.83429
4.05442	0.929057	4.05442	0.929057
2.15308	5.3054	2.15308	5.3054
3.82261	-1.42135	3.82261	-1.42135
3.37237	1.93376	3.37237	1.93376
3.47166	2.47092	3.47166	2.47092
2.55618	3.90526	2.55618	3.90526
2.46608	-0.293725	2.46608	-0.293725
4.81281	-1.95714	4.81281	-1.95714
2.86049	-4.6379	2.86049	-4.6379
1.09635	4.5639	1.09635	4.5639
4.88191	1.75475	4.88191	1.75475
-2.56662	-0.454186	-2.56662	-0.454186
4.1573	-2.69221	4.1573	-2.69221
4.48954	0.337266	4.48954	0.337266
1.91932	-0.181458	1.91932	-0.181458
3.10592	1.51752	3.10592	1.51752
3.29309	5.95368	3.29309	5.95368
4.95842	0.720815	4.95842	0.720815
2.38544	0.926507	2.38544	0.926507
3.42717	4.13139	3.42717	4.13139
3.74656	3.68085	3.74656	3.68085
5.32178	3.74371	5.32178	3.74371
3.47518	0.773355	3.47518	0.773355
-0.206084	6.06012	-0.206084	6.06012
3.71346	1.61129	3.71346	1.61129
1.82357	0.449159	1.82357	0.449159
-0.722764	-0.567793	-0.722764	-0.567793
2.11113	2.36647	2.11113	2.36647
1.45526	2.30402	1.45526	2.30402
6.62497	2.1776	6.62497	2.1776
4.46325	2.74139	4.46325	2.74139
5.42172	1.8954	5.42172	1.8954
-0.929046	-4.90281	-0.929046	-4.90281
1.05654	-1.4817	1.05654	-1.4817
2.39476	1.6858	2.39476	1.6858
4.61202	-1.68663	4.61202	-1.68663
1.50879	0.868806	1.50879	0.868806
3.944	-0.618697	3.944	-0.618697
2.23056	1.18687	2.23056	1.18687
1.08597	5.53269	1.08597	5.53269
4.65376	-1.70407	4.65376	-1.70407
0.803996	-3.01523	0.803996	-3.01523
4.20477	3.2296	4.20477	3.2296
1.76845	3.48274	1.76845	3.48274
1.19284	4.99169	1.19284	4.99169
2.83853	2.57772	2.83853	2.57772
2.58045	0.55307	2.58045	0.55307
5.0863	-1.46437	5.0863	-1.46437
4.48475	2.02047	4.48475	2.02047
3.1771	5.68736	3.1771	5.68736
2.9633	1.70394	2.9633	1.70394
4.49396	-0.604588	4.49396	-0.604588
-0.299434	6.58079	-0.299434	6.58079
6.13796	1.39759	6.13796	1.39759
1.66384	-2.90411	1.66384	-2.90411
3.01563	4.6829	3.01563	4.6829
3.13439	-3.85671	3.13439	-3.85671
4.68691	1.15687	4.68691	1.15687
-1.15773	6.22769	-1.15773	6.22769
0.750336	2.15841	0.750336	2.15841
0.00523567	-0.446239	0.00523567	-0.446239
4.03277	-3.00426	4.03277	-3.00426
6.13704	0.50957	6.13704	0.50957
8.12939	0.728434	8.12939	0.728434
2.74922	-3.7993	2.74922	-3.7993
0.760975	6.31342	0.760975	6.31342
3.79354	2.70812	3.79354	2.70812
2.81405	3.79196	2.81405	3.79196
3.62844	0.041163	3.62844	0.041163
2.01534	4.41223	2.01534	4.41223
0.00925565	6.01484	0.00925565	6.01484
-2.40146	2.38151	-2.40146	2.38151
0.607277	7.17035	0.607277	7.17035
4.39266	1.15151	4.39266	1.15151
3.1652	-2.15052	3.1652	-2.15052
3.13184	5.73451	3.13184	5.73451
3.18998	4.47075	3.18998	4.47075
3.60775	2.4186	3.60775	2.4186
2.99534	3.54516	2.99534	3.54516
3.71614	0.179422	3.71614	0.179422
3.95648	0.659832	3.95648	0.659832
5.13248	0.830431	5.13248	0.830431
3.21434	5.08216	3.21434	5.08216
2.80252	5.30624	2.80252	5.30624
4.03368	0.0240245	4.03368	0.0240245
0.262555	3.77455	0.262555	3.77455
1.06179	-0.245277	1.06179	-0.245277
4.10783	0.774548	4.10783	0.774548
1.90728	4.80851	1.90728	4.80851
2.61676	-0.581682	2.61676	-0.581682
4.08762	0.00961447	4.08762	0.00961447
2.57827	4.83598	2.57827	4.83598
-1.86241	3.39155	-1.86241	3.39155
0.387267	0.86332	0.387267	0.86332
-1.83896	-3.50355	-1.83896	-3.50355
