4.39879	2.40753	4.39879	2.40753
5.9217	-0.496647	5.9217	-0.496647
3.26082	3.34996	3.26082	3.34996
5.68338	1.80158	5.68338	1.80158
-1.96964	0.379032	-1.96964	0.379032
5.27772	-1.44312	5.27772	-1.44312
3.45002	1.87502	3.45002	1.87502
3.02141	1.35703	3.02141	1.35703
1.20668	4.14484	1.20668	4.14484
5.00516	2.35887	5.00516	2.35887
4.46551	4.21469	4.46551	4.21469
3.4009	4.15602	3.4009	4.15602
4.0121	2.89425	4.0121	2.89425
-1.99697	4.35234	-1.99697	4.35234
1.36393	-4.31339	1.36393	-4.31339
0.76374	-0.749032	0.76374	-0.749032
2.83232	4.47151	2.83232	4.47151
3.07469	-5.17197	3.07469	-5.17197
4.92559	1.79821	4.92559	1.79821
3.18865	5.19195	3.18865	5.19195
5.52851	1.77797	5.52851	1.77797
1.19705	4.27205	1.19705	4.27205
4.07593	2.05344	4.07593	2.05344
7.02311	-0.752146	7.02311	-0.752146
0.0294061	-4.31385	0.0294061	-4.31385
4.89412	-1.59422	4.89412	-1.59422
4.20049	3.41659	4.20049	3.41659
5.00854	-1.99376	5.00854	-1.99376
3.85904	3.85194	3.85904	3.85194
2.91578	3.38478	2.91578	3.38478
-1.00978	3.0075	-1.00978	3.0075
2.32856	1.74433	2.32856	1.74433
2.43187	5.07389	2.43187	5.07389
-1.40539	0.958896	-1.40539	0.958896
-1.74724	-1.43474	-1.74724	-1.43474
-0.504087	1.84508	-0.504087	1.84508
-3.34265	5.99008	-3.34265	5.99008
-1.68438	2.28741	-1.68438	2.28741
5.41434	1.98586	5.41434	1.98586
-0.97841	4.91342	-0.97841	4.91342
3.65044	0.186513	3.65044	0.186513
5.66496	0.708423	5.66496	0.708423
4.87205	1.42255	4.87205	1.42255
1.2945	3.8373	1.2945	3.8373
3.15704	-0.606287	3.15704	-0.606287
2.63892	2.64424	2.63892	2.64424
4.45283	6.07053	4.45283	6.07053
4.88357	0.462679	4.88357	0.462679
2.08289	3.05883	2.08289	3.05883
5.02736	-1.08422	5.02736	-1.08422
-0.352021	2.03424	-0.352021	2.03424
3.12803	2.46199	3.12803	2.46199
3.51265	5.65537	3.51265	5.65537
1.42783	3.25484	1.42783	3.25484
0.886539	-0.430227	0.886539	-0.430227
3.60232	1.19166	3.60232	1.19166
3.69955	-0.863343	3.69955	-0.863343
4.95545	4.36648	4.95545	4.36648
4.25253	2.86736	4.25253	2.86736
3.23072	2.34084	3.23072	2.34084
4.48163	-2.13641	4.48163	-2.13641
-0.646422	2.05827	-0.646422	2.05827
5.20319	2.48161	5.20319	2.48161
0.693122	-1.12529	0.693122	-1.12529
0.80964	1.88372	0.80964	1.88372
3.86106	2.82305	3.86106	2.82305
1.83194	1.41132	1.83194	1.41132
-1.28119	4.47482	-1.28119	4.47482
6.39298	-1.39664	6.39298	-1.39664
5.11922	-0.897544	5.11922	-0.897544
4.60469	-2.3822	4.60469	-2.3822
1.00974	2.01229	1.00974	2.01229
4.55478	-2.91839	4.55478	-2.91839
0.921589	4.25953	0.921589	4.25953
-0.875034	3.32857	-0.875034	3.32857
3.2449	2.93296	3.2449	2.93296
2.71867	3.11133	2.71867	3.11133
0.846583	-2.16145	0.846583	-2.16145
4.57302	3.53183	4.57302	3.53183
2.49967	3.53224	2.49967	3.53224
3.90973	-3.67315	3.90973	-3.67315
3.32043	2.83007	3.32043	2.83007
3.38919	4.2594	3.38919	4.2594
6.19288	4.66349	6.19288	4.66349
1.17811	-1.70236	1.17811	-1.70236
4.50071	2.42881	4.50071	2.42881
2.71196	5.64687	2.71196	5.64687
2.5282	2.18338	2.5282	2.18338
-0.00133324	-2.73633	-0.00133324	-2.73633
0.204691	-3.88767	0.204691	-3.88767
0.042429	0.55226	0.042429	0.55226
-1.69476	5.43888	-1.69476	5.43888
3.82203	2.35122	3.82203	2.35122
1.49416	5.48999	1.49416	5.48999
3.78003	1.555	3.78003	1.555
4.7754	-1.73197	4.7754	-1.73197
5.03132	4.18632	5.03132	4.18632
-3.49186	0.559321	-3.49186	0.559321
0.569509	-2.31657	0.569509	-2.31657
1.06549	-2.62601	1.06549	-2.62601
1.73039	-3.5719	1.73039	-3.5719
2.58557	5.19626	2.58557	5.19626
4.96468	-5.28937	4.96468	-5.28937
4.49308	2.85946	4.49308	2.85946
3.41077	-1.4369	3.41077	-1.4369
1.28621	1.04861	1.28621	1.04861
3.36829	4.49279	3.36829	4.49279
5.59657	4.50586	5.59657	4.50586
5.0151	-0.0358887	5.0151	-0.0358887
0.608515	-2.35726	0.608515	-2.35726
4.24185	1.16035	4.24185	1.16035
3.57298	2.85206	3.57298	2.85206
2.37202	2.69054	2.37202	2.69054
3.99981	-0.812251	3.99981	-0.812251
4.77342	1.40472	4.77342	1.40472
3.22778	3.54608	3.22778	3.54608
-0.0534153	2.63317	-0.0534153	2.63317
7.47182	2.92287	7.47182	2.92287
5.54476	4.79462	5.54476	4.79462
5.92993	-1.56998	5.92993	-1.56998
1.21691	5.26357	1.21691	5.26357
-1.10991	4.31641	-1.10991	4.31641
5.52722	2.43252	5.52722	2.43252
4.79638	3.27914	4.79638	3.27914
-2.82319	6.22266	-2.82319	6.22266
3.59585	3.38337	3.59585	3.38337
6.22479	-0.932593	6.22479	-0.932593
2.77761	0.277254	2.77761	0.277254
2.12379	1.6165	2.12379	1.6165
3.30404	-3.69934	3.30404	-3.69934
6.48538	0.147925	6.48538	0.147925
4.91647	-0.319086	4.91647	-0.319086
0.389717	0.77321	0.389717	0.77321
2.65402	0.568714	2.65402	0.568714
3.76665	-0.079525	3.76665	-0.079525
5.15943	2.09383	5.15943	2.09383
2.63523	-2.65543	2.63523	-2.65543
4.67266	0.972378	4.67266	0.972378
6.74391	0.875664	6.74391	0.875664
-4.38598	3.2939	-4.38598	3.2939
1.88767	1.74533	1.88767	1.74533
1.94603	0.251601	1.94603	0.251601
2.26861	2.712	2.26861	2.712
4.97474	3.35381	4.97474	3.35381
1.02588	-0.213021	1.02588	-0.213021
0.166472	2.90915	0.166472	2.90915
5.50348	2.90412	5.50348	2.90412
-0.91725	1.73248	-0.91725	1.73248
0.302231	-1.42901	0.302231	-1.42901
4.05017	2.72196	4.05017	2.72196
0.496163	2.27781	0.496163	2.27781
5.55328	1.35028	5.55328	1.35028
0.749324	3.76921	0.749324	3.76921
2.5974	3.11551	2.5974	3.11551
4.59027	-2.91732	4.59027	-2.91732
0.895093	3.65094	0.895093	3.65094
4.96849	-0.872019	4.96849	-0.872019
3.91265	-0.345453	3.91265	-0.345453
2.10542	-2.29272	2.10542	-2.29272
2.50408	-3.37501	2.50408	-3.37501
2.9156	-2.21651	2.9156	-2.21651
1.66965	3.70765	1.66965	3.70765
2.20543	5.3391	2.20543	5.3391
5.92362	-0.605376	5.92362	-0.605376
4.08878	2.80551	4.08878	2.80551
2.91413	3.56977	2.91413	3.56977
1.94164	5.21904	1.94164	5.21904
-0.240904	6.41678	-0.240904	6.41678
3.39736	-0.264822	3.39736	-0.264822
1.74343	-1.59627	1.74343	-1.59627
2.3958	3.77667	2.3958	3.77667
0.165312	-1.93279	0.165312	-1.93279
3.61406	-0.637971	3.61406	-0.637971
3.96033	-0.756277	3.96033	-0.756277
2.86282	5.0188	2.86282	5.0188
-2.74537	2.53429	-2.74537	2.53429
-2.62277	4.32822	-2.62277	4.32822
6.40253	-1.92148	6.40253	-1.92148
1.60316	3.12805	1.60316	3.12805
2.63335	3.78715	2.63335	3.78715
-5.71106	-2.13908	-5.71106	-2.13908
3.48904	-3.28798	3.48904	-3.28798
2.44659	3.75621	2.44659	3.75621
4.09498	-2.99863	4.09498	-2.99863
-1.377	1.20043	-1.377	1.20043
5.58399	0.704111	5.58399	0.704111
1.95931	1.61854	1.95931	1.61854
2.82614	1.93153	2.82614	1.93153
1.96908	5.72705	1.96908	5.72705
4.83914	1.78693	4.83914	1.78693
3.48844	-2.50233	3.48844	-2.50233
3.34808	6.85185	3.34808	6.85185
4.0119	0.265147	4.0119	0.265147
4.60662	-1.87653	4.60662	-1.87653
-1.06192	4.16161	-1.06192	4.16161
0.0136625	-4.70793	0.0136625	-4.70793
3.51364	-3.32196	3.51364	-3.32196
3.39949	0.371905	3.39949	0.371905
-6.01882	-2.85294	-6.01882	-2.85294
-1.91431	6.1734	-1.91431	6.1734
3.66457	5.52153	3.66457	5.52153
6.105	0.0453271	6.105	0.0453271
1.08236	0.952765	1.08236	0.952765
3.78177	1.73331	3.78177	1.73331
-1.31849	-1.15781	-1.31849	-1.15781
4.42992	1.92436	4.42992	1.92436
3.2615	4.30569	3.2615	4.30569
2.45334	-1.91965	2.45334	-1.91965
4.83124	-2.43491	4.83124	-2.43491
3.62846	4.73792	3.62846	4.73792
-5.03284	2.64682	-5.03284	2.64682
0.342922	4.99647	0.342922	4.99647
4.84096	-1.20685	4.84096	-1.20685
-1.84933	0.127121	-1.84933	0.127121
-0.778776	5.98118	-0.778776	5.98118
0.753273	0.172845	0.753273	0.172845
3.4903	2.73173	3.4903	2.73173
3.44083	0.913779	3.44083	0.913779
3.73916	-2.01322	3.73916	-2.01322
4.56831	0.694557	4.56831	0.694557
1.42157	5.22771	1.42157	5.22771
4.88135	0.999921	4.88135	0.999921
4.71164	-3.15275	4.71164	-3.15275
2.54704	2.78837	2.54704	2.78837
-1.68432	-1.6817	-1.68432	-1.6817
0.948171	-5.09793	0.948171	-5.09793
0.0634003	-4.68397	0.0634003	-4.68397
0.708942	1.48868	0.708942	1.48868
4.26883	-2.50779	4.26883	-2.50779
5.07995	-1.07041	5.07995	-1.07041
-0.476122	2.15526	-0.476122	2.15526
3.06091	-3.84763	3.06091	-3.84763
2.29434	-1.69898	2.29434	-1.69898
4.39855	0.794212	4.39855	0.794212
4.38992	2.37443	4.38992	2.37443
2.27866	1.15071	2.27866	1.15071
5.88562	-2.38415	5.88562	-2.38415
2.97255	2.81128	2.97255	2.81128
3.32726	5.00102	3.32726	5.00102
1.10463	3.06367	1.10463	3.06367
-1.06798	4.88441	-1.06798	4.88441
-0.814785	5.92006	-0.814785	5.92006
-0.735961	2.3973	-0.735961	2.3973
1.6621	-4.11728	1.6621	-4.11728
1.59015	1.55897	1.59015	1.55897
4.82966	1.03518	4.82966	1.03518
3.36574	2.76165	3.36574	2.76165
3.68428	-3.13506	3.68428	-3.13506
1.83607	6.17097	1.83607	6.17097
4.37898	4.77877	4.37898	4.77877
3.68412	-1.12455	3.68412	-1.12455
4.12463	0.781112	4.12463	0.781112
2.64636	5.57913	2.64636	5.57913
2.49984	-0.152638	2.49984	-0.152638
1.63013	3.30186	1.63013	3.30186
4.25552	2.78707	4.25552	2.78707
4.71328	2.47942	4.71328	2.47942
-1.67949	2.19645	-1.67949	2.19645
5.86517	2.14613	5.86517	2.14613
2.48788	-2.48197	2.48788	-2.48197
3.35477	-2.35512	3.35477	-2.35512
-2.17444	6.40299	-2.17444	6.40299
4.47912	-0.123424	4.47912	-0.123424
1.76505	-2.57261	1.76505	-2.57261
4.25789	3.97006	4.25789	3.97006
0.722699	3.81823	0.722699	3.81823
1.8785	-1.79267	1.8785	-1.79267
4.97038	0.914598	4.97038	0.914598
2.27715	1.89706	2.27715	1.89706
2.63995	0.157587	2.63995	0.157587
5.20897	0.841911	5.20897	0.841911
2.40122	-4.12622	2.40122	-4.12622
3.42976	-1.33604	3.42976	-1.33604
-0.343596	3.91447	-0.343596	3.91447
3.58713	-3.51842	3.58713	-3.51842
3.82718	4.40544	3.82718	4.40544
0.894314	5.36659	0.894314	5.36659
5.84321	0.517142	5.84321	0.517142
4.96555	-0.165716	4.96555	-0.165716
-0.112123	4.91438	-0.112123	4.91438
1.9353	2.96712	1.9353	2.96712
-0.0196476	1.08325	-0.0196476	1.08325
5.6954	3.06074	5.6954	3.06074
2.5608	1.54808	2.5608	1.54808
2.4464	3.13994	2.4464	3.13994
2.018	2.20999	2.018	2.20999
-0.494983	1.68411	-0.494983	1.68411
1.48901	-3.77797	1.48901	-3.77797
5.45488	-2.52178	5.45488	-2.52178
0.802167	4.25061	0.802167	4.25061
-3.24983	1.66644	-3.24983	1.66644
3.54254	1.38174	3.54254	1.38174
1.39876	5.32948	1.39876	5.32948
-0.701501	2.95443	-0.701501	2.95443
2.53961	5.39711	2.53961	5.39711
2.99209	4.81114	2.99209	4.81114
5.26755	1.11987	5.26755	1.11987
-0.345605	-1.77847	-0.345605	-1.77847
2.24446	-0.440448	2.24446	-0.440448
2.34186	1.43522	2.34186	1.43522
0.409068	-0.364097	0.409068	-0.364097
2.47841	1.469	2.47841	1.469
0.697394	2.21921	0.697394	2.21921
2.05073	-3.67153	2.05073	-3.67153
1.1945	-2.65974	1.1945	-2.65974
4.51391	3.94122	4.51391	3.94122
2.14438	3.06866	2.14438	3.06866
6.05531	-4.30746	6.05531	-4.30746
4.8277	-1.79821	4.8277	-1.79821
-2.84454	4.36921	-2.84454	4.36921
0.945918	-3.59748	0.945918	-3.59748
3.76825	1.06489	3.76825	1.06489
2.93567	0.235757	2.93567	0.235757
1.38712	1.33493	1.38712	1.33493
2.86791	5.30475	2.86791	5.30475
4.90769	3.56585	4.90769	3.56585
-3.94583	-3.0367	-3.94583	-3.0367
5.65389	0.333648	5.65389	0.333648
0.233514	-4.79538	0.233514	-4.79538
4.54087	-2.98254	4.54087	-2.98254
5.80195	2.02132	5.80195	2.02132
-1.68887	-1.79213	-1.68887	-1.79213
1.82774	2.21933	1.82774	2.21933
1.11109	3.00751	1.11109	3.00751
-4.26198	4.83315	-4.26198	4.83315
2.89487	1.70896	2.89487	1.70896
4.09217	0.0959439	4.09217	0.0959439
6.1049	0.193655	6.1049	0.193655
-1.06809	0.641455	-1.06809	0.641455
3.39349	2.26089	3.39349	2.26089
5.82414	2.77619	5.82414	2.77619
4.97913	-0.301979	4.97913	-0.301979
4.14184	-0.0749021	4.14184	-0.0749021
5.12363	-2.44326	5.12363	-2.44326
4.41296	-0.02	4.41296	-0.02
3.10011	-1.38114	3.10011	-1.38114
1.26242	-3.22342	1.26242	-3.22342
-1.92271	0.394471	-1.92271	0.394471
4.42979	-1.45443	4.42979	-1.45443
4.52332	0.259866	4.52332	0.259866
2.57589	3.45388	2.57589	3.45388
4.15399	-0.205368	4.15399	-0.205368
2.35365	2.89108	2.35365	2.89108
3.78259	1.89279	3.78259	1.89279
1.54693	3.23409	1.54693	3.23409
1.11339	1.68711	1.11339	1.68711
5.91222	2.14098	5.91222	2.14098
-1.70625	-2.158	-1.70625	-2.158
3.91459	-0.640704	3.91459	-0.640704
4.9582	-1.03746	4.9582	-1.03746
1.88382	-4.19349	1.88382	-4.19349
3.40713	3.79693	3.40713	3.79693
6.04601	-0.435649	6.04601	-0.435649
5.84204	1.77319	5.84204	1.77319
0.358181	5.82617	0.358181	5.82617
1.71819	-3.19016	1.71819	-3.19016
2.42117	6.29315	2.42117	6.29315
2.87901	1.02612	2.87901	1.02612
5.69357	0.225386	5.69357	0.225386
-1.08069	4.2334	-1.08069	4.2334
1.68973	1.46732	1.68973	1.46732
4.71153	2.66705	4.71153	2.66705
3.57242	-1.18456	3.57242	-1.18456
3.49839	3.70941	3.49839	3.70941
3.21357	-0.290345	3.21357	-0.290345
-3.91673	3.06965	-3.91673	3.06965
4.3015	2.14125	4.3015	2.14125
3.50839	4.184	3.50839	4.184
2.44638	2.56598	2.44638	2.56598
3.01413	4.78461	3.01413	4.78461
4.19714	-0.964928	4.19714	-0.964928
-0.392803	0.283085	-0.392803	0.283085
-0.693748	-0.821923	-0.693748	-0.821923
4.44165	3.00889	4.44165	3.00889
5.43667	4.18574	5.43667	4.18574
-0.24142	3.54754	-0.24142	3.54754
3.10278	-3.84849	3.10278	-3.84849
0.508062	-4.85621	0.508062	-4.85621
4.17857	1.46	4.17857	1.46
3.96325	-0.634591	3.96325	-0.634591
0.717151	-5.34189	0.717151	-5.34189
6.01464	0.970251	6.01464	0.970251
3.62524	4.05682	3.62524	4.05682
4.91672	-2.33091	4.91672	-2.33091
-0.5412	-4.48073	-0.5412	-4.48073
3.05784	2.94047	3.05784	2.94047
5.57674	1.56191	5.57674	1.56191
5.57277	1.82977	5.57277	1.82977
2.04739	3.03553	2.04739	3.03553
-0.0425816	2.02581	-0.0425816	2.02581
-1.00992	-0.726399	-1.00992	-0.726399
5.24412	2.32101	5.24412	2.32101
-2.47985	5.81226	-2.47985	5.81226
1.24502	5.91362	1.24502	5.91362
4.86487	-2.44727	4.86487	-2.44727
2.32139	3.33631	2.32139	3.33631
3.07394	4.19175	3.07394	4.19175
-4.62708	4.74946	-4.62708	4.74946
4.50851	-3.04853	4.50851	-3.04853
1.02065	0.0998755	1.02065	0.0998755
0.455934	5.69413	0.455934	5.69413
4.67112	-0.910479	4.67112	-0.910479
3.52181	4.6406	3.52181	4.6406
2.50543	3.43873	2.50543	3.43873
3.75061	1.44245	3.75061	1.44245
-1.87507	-0.637171	-1.87507	-0.637171
3.73776	3.88201	3.73776	3.88201
2.76034	1.98036	2.76034	1.98036
4.12728	-0.230007	4.12728	-0.230007
5.5236	0.0565243	5.5236	0.0565243
-0.750603	-2.18188	-0.750603	-2.18188
-0.197365	-4.15882	-0.197365	-4.15882
3.3545	-3.11602	3.3545	-3.11602
1.27881	6.92155	1.27881	6.92155
0.807601	0.486551	0.807601	0.486551
6.67287	-0.185673	6.67287	-0.185673
1.73035	-1.09894	1.73035	-1.09894
6.30514	-0.72134	6.30514	-0.72134
-4.04147	0.198109	-4.04147	0.198109
5.44345	0.452806	5.44345	0.452806
-0.681632	0.297165	-0.681632	0.297165
1.21446	4.35874	1.21446	4.35874
0.900028	2.21371	0.900028	2.21371
-0.430107	-0.911139	-0.430107	-0.911139
2.96489	-2.76621	2.96489	-2.76621
2.30364	-0.85227	2.30364	-0.85227
-0.0828195	5.42357	-0.0828195	5.42357
0.310864	2.61095	0.310864	2.61095
2.73274	4.7223	2.73274	4.7223
3.19721	-4.16263	3.19721	-4.16263
1.27294	1.72577	1.27294	1.72577
0.683163	2.8038	0.683163	2.8038
1.0017	2.95794	1.0017	2.95794
1.50824	-2.53717	1.50824	-2.53717
4.27334	1.57038	4.27334	1.57038
7.01123	-0.470937	7.01123	-0.470937
-0.85331	0.868874	-0.85331	0.868874
-2.16536	-1.78379	-2.16536	-1.78379
2.71777	2.29602	2.71777	2.29602
1.56385	6.58753	1.56385	6.58753
5.125	1.56154	5.125	1.56154
-2.70374	1.40497	-2.70374	1.40497
0.400793	-1.17608	0.400793	-1.17608
1.71419	-2.91223	1.71419	-2.91223
4.43467	-0.178904	4.43467	-0.178904
0.46539	-2.16049	0.46539	-2.16049
3.26763	0.973722	3.26763	0.973722
-0.982866	1.09611	-0.982866	1.09611
2.86177	1.1645	2.86177	1.1645
3.52718	3.10409	3.52718	3.10409
0.455599	4.13837	0.455599	4.13837
2.66985	2.13143	2.66985	2.13143
1.41367	1.15764	1.41367	1.15764
3.69471	5.46486	3.69471	5.46486
5.03258	2.80212	5.03258	2.80212
4.69032	2.67462	4.69032	2.67462
5.60592	2.15832	5.60592	2.15832
3.23994	3.06627	3.23994	3.06627
4.00993	0.0232315	4.00993	0.0232315
1.57282	5.4063	1.57282	5.4063
4.8136	-1.67142	4.8136	-1.67142
1.4149	0.856515	1.4149	0.856515
1.89658	5.60483	1.89658	5.60483
1.64346	3.6328	1.64346	3.6328
3.1344	4.90438	3.1344	4.90438
1.57524	-1.94301	1.57524	-1.94301
3.95971	-2.27937	3.95971	-2.27937
4.36775	-0.276731	4.36775	-0.276731
3.30439	2.86915	3.30439	2.86915
3.36052	3.26407	3.36052	3.26407
4.90547	2.11617	4.90547	2.11617
5.92434	0.578098	5.92434	0.578098
2.04939	1.67669	2.04939	1.67669
1.10402	2.15363	1.10402	2.15363
4.98679	3.56638	4.98679	3.56638
3.04435	-2.15458	3.04435	-2.15458
2.51486	6.53302	2.51486	6.53302
3.07157	4.16624	3.07157	4.16624
1.61769	5.51655	1.61769	5.51655
3.88946	3.0001	3.88946	3.0001
5.68643	-0.49419	5.68643	-0.49419
0.104076	0.602934	0.104076	0.602934
3.47208	3.45585	3.47208	3.45585
6.59875	4.31726	6.59875	4.31726
0.785191	-4.03999	0.785191	-4.03999
0.843975	-2.73698	0.843975	-2.73698
2.94256	0.515917	2.94256	0.515917
5.34529	1.37251	5.34529	1.37251
-3.13764	5.30519	-3.13764	5.30519
-2.7421	-1.48522	-2.7421	-1.48522
3.28867	0.896263	3.28867	0.896263
-4.09414	2.21576	-4.09414	2.21576
1.32861	3.04382	1.32861	3.04382
2.68508	4.22551	2.68508	4.22551
3.21035	1.23311	3.21035	1.23311
4.82685	2.01259	4.82685	2.01259
3.57683	-4.18438	3.57683	-4.18438
3.72315	-2.22247	3.72315	-2.22247
4.9307	2.55001	4.9307	2.55001
3.16274	4.13467	3.16274	4.13467
5.25929	0.646858	5.25929	0.646858
0.526742	4.89074	0.526742	4.89074
-1.10076	2.80906	-1.10076	2.80906
-0.145724	2.97886	-0.145724	2.97886
-1.24865	5.24204	-1.24865	5.24204
3.76672	-0.936012	3.76672	-0.936012
7.0847	2.75446	7.0847	2.75446
2.67562	-0.0921068	2.67562	-0.0921068
2.88129	5.12381	2.88129	5.12381
5.12664	3.41133	5.12664	3.41133
3.68512	-1.99507	3.68512	-1.99507
-1.83628	2.37295	-1.83628	2.37295
4.06393	3.00805	4.06393	3.00805
-1.34023	-0.580123	-1.34023	-0.580123
1.01623	2.96791	1.01623	2.96791
4.88211	-0.659189	4.88211	-0.659189
1.1707	4.56655	1.1707	4.56655
2.12375	0.568674	2.12375	0.568674
1.59402	4.39309	1.59402	4.39309
2.33735	0.644073	2.33735	0.644073
0.785242	4.6685	0.785242	4.6685
2.28014	-2.83268	2.28014	-2.83268
2.18807	4.61519	2.18807	4.61519
-2.72172	3.76169	-2.72172	3.76169
-4.03621	-0.196158	-4.03621	-0.196158
3.7158	-2.8588	3.7158	-2.8588
2.61764	1.30566	2.61764	1.30566
2.48486	3.01589	2.48486	3.01589
5.47709	1.64164	5.47709	1.64164
-3.76589	3.60615	-3.76589	3.60615
4.64379	-0.991638	4.64379	-0.991638
1.90596	1.93429	1.90596	1.93429
4.77321	0.442234	4.77321	0.442234
-1.88303	-0.461584	-1.88303	-0.461584
2.94687	0.891496	2.94687	0.891496
0.0959911	-0.135929	0.0959911	-0.135929
1.68591	-2.79985	1.68591	-2.79985
4.75684	4.12954	4.75684	4.12954
-2.83082	2.48992	-2.83082	2.48992
4.27505	-0.972982	4.27505	-0.972982
5.15501	2.01914	5.15501	2.01914
3.31606	2.88766	3.31606	2.88766
1.56489	5.24153	1.56489	5.24153
2.94951	-0.787866	2.94951	-0.787866
1.56432	-5.59049	1.56432	-5.59049
0.232672	-3.51101	0.232672	-3.51101
2.54282	-1.24774	2.54282	-1.24774
2.55742	4.39208	2.55742	4.39208
4.0038	4.27649	4.0038	4.27649
1.39867	-1.22161	1.39867	-1.22161
2.10846	6.11362	2.10846	6.11362
2.65273	4.34242	2.65273	4.34242
4.6446	4.08576	4.6446	4.08576
2.54208	5.05513	2.54208	5.05513
5.7339	-0.755398	5.7339	-0.755398
0.158919	5.45856	0.158919	5.45856
-4.85325	4.48932	-4.85325	4.48932
3.73222	4.92936	3.73222	4.92936
3.82704	2.72122	3.82704	2.72122
5.14243	-0.264089	5.14243	-0.264089
3.47197	-6.69477	3.47197	-6.69477
2.21655	1.99615	2.21655	1.99615
1.18632	1.16993	1.18632	1.16993
6.6126	3.32884	6.6126	3.32884
5.122	0.572213	5.122	0.572213
5.98478	1.47577	5.98478	1.47577
0.111811	0.321064	0.111811	0.321064
5.69242	-0.525657	5.69242	-0.525657
0.202141	3.47843	0.202141	3.47843
-0.287174	-1.05169	-0.287174	-1.05169
-2.90727	-5.16101	-2.90727	-5.16101
4.52727	0.101568	4.52727	0.101568
4.5988	1.86943	4.5988	1.86943
2.27471	-3.50546	2.27471	-3.50546
2.91202	-0.255332	2.91202	-0.255332
3.7293	-2.79689	3.7293	-2.79689
2.36092	1.55892	2.36092	1.55892
1.59552	-2.34849	1.59552	-2.34849
4.3096	0.268326	4.3096	0.268326
5.89625	0.626151	5.89625	0.626151
0.295948	-3.95062	0.295948	-3.95062
4.99306	-2.13065	4.99306	-2.13065
-0.946502	1.89086	-0.946502	1.89086
-1.76404	4.5628	-1.76404	4.5628
3.23917	0.862457	3.23917	0.862457
5.06009	1.78938	5.06009	1.78938
2.55954	3.40373	2.55954	3.40373
2.45587	3.17657	2.45587	3.17657
2.59594	0.231963	2.59594	0.231963
3.30854	-2.72235	3.30854	-2.72235
2.60651	-1.13859	2.60651	-1.13859
3.74367	-4.02166	3.74367	-4.02166
6.28003	0.114585	6.28003	0.114585
1.68714	-4.27433	1.68714	-4.27433
-0.0593553	1.21775	-0.0593553	1.21775
1.50154	5.82895	1.50154	5.82895
3.18998	-1.58905	3.18998	-1.58905
3.88581	-1.94988	3.88581	-1.94988
5.2046	1.88311	5.2046	1.88311
3.71841	1.59538	3.71841	1.59538
1.40893	-0.210223	1.40893	-0.210223
2.3948	2.18723	2.3948	2.18723
6.85671	1.19582	6.85671	1.19582
4.04176	0.761892	4.04176	0.761892
2.66888	-2.7679	2.66888	-2.7679
1.59562	1.63147	1.59562	1.63147
5.19849	1.9542	5.19849	1.9542
-2.36706	-3.05195	-2.36706	-3.05195
4.21861	3.43343	4.21861	3.43343
5.16003	0.984817	5.16003	0.984817
2.99038	1.96775	2.99038	1.96775
-2.15386	5.68242	-2.15386	5.68242
4.07904	3.42231	4.07904	3.42231
5.33575	1.80723	5.33575	1.80723
4.23202	6.60295	4.23202	6.60295
5.34027	1.41116	5.34027	1.41116
1.53345	3.56853	1.53345	3.56853
3.40595	1.87113	3.40595	1.87113
4.43625	-2.55573	4.43625	-2.55573
-0.134418	-3.67524	-0.134418	-3.67524
4.16231	1.57299	4.16231	1.57299
4.76871	5.42179	4.76871	5.42179
0.255804	0.984034	0.255804	0.984034
-1.35632	5.94789	-1.35632	5.94789
0.993564	0.926953	0.993564	0.926953
2.26491	5.63087	2.26491	5.63087
3.69374	-1.32344	3.69374	-1.32344
0.776254	-4.19598	0.776254	-4.19598
3.68223	1.75481	3.68223	1.75481
0.740573	2.08278	0.740573	2.08278
-1.12541	-1.78155	-1.12541	-1.78155
1.5604	0.804627	1.5604	0.804627
4.00516	1.74673	4.00516	1.74673
5.21877	-2.04195	5.21877	-2.04195
5.20572	-1.86369	5.20572	-1.86369
3.62011	-4.55615	3.62011	-4.55615
-0.215906	4.29103	-0.215906	4.29103
-0.838521	-2.66331	-0.838521	-2.66331
2.38749	2.5099	2.38749	2.5099
-3.04359	5.63186	-3.04359	5.63186
3.26296	4.40126	3.26296	4.40126
1.56408	-5.36729	1.56408	-5.36729
4.55152	2.38208	4.55152	2.38208
-0.148036	-0.722284	-0.148036	-0.722284
2.04815	1.03687	2.04815	1.03687
5.7309	-2.658	5.7309	-2.658
5.57611	2.68958	5.57611	2.68958
-1.64527	3.56079	-1.64527	3.56079
0.746384	-1.50451	0.746384	-1.50451
4.36985	3.06439	4.36985	3.06439
-2.43819	3.41052	-2.43819	3.41052
5.89794	0.452957	5.89794	0.452957
3.04689	4.54047	3.04689	4.54047
4.96412	-1.6287	4.96412	-1.6287
5.02207	-1.73311	5.02207	-1.73311
4.42718	1.7256	4.42718	1.7256
4.06382	5.08622	4.06382	5.08622
2.27441	-0.241927	2.27441	-0.241927
2.34459	0.17643	2.34459	0.17643
4.31051	-2.10174	4.31051	-2.10174
-2.03893	2.25642	-2.03893	2.25642
1.93768	-0.895264	1.93768	-0.895264
1.46252	6.26743	1.46252	6.26743
-0.0109715	-4.02751	-0.0109715	-4.02751
4.56959	1.05794	4.56959	1.05794
-2.97771	0.554878	-2.97771	0.554878
2.88579	0.0928025	2.88579	0.0928025
-1.02843	-3.19503	-1.02843	-3.19503
3.55584	-0.0824533	3.55584	-0.0824533
-0.451808	2.42144	-0.451808	2.42144
6.36226	3.69463	6.36226	3.69463
-0.480412	5.23543	-0.480412	5.23543
5.93664	4.87034	5.93664	4.87034
0.798433	0.682081	0.798433	0.682081
4.30679	2.17048	4.30679	2.17048
3.56333	3.4851	3.56333	3.4851
3.82961	5.5381	3.82961	5.5381
3.25193	3.57122	3.25193	3.57122
2.58213	-4.05204	2.58213	-4.05204
5.14637	3.61709	5.14637	3.61709
0.698073	-1.12859	0.698073	-1.12859
4.16259	4.00703	4.16259	4.00703
3.53163	-3.35175	3.53163	-3.35175
3.66274	3.86016	3.66274	3.86016
1.92306	5.53421	1.92306	5.53421
1.90186	1.27118	1.90186	1.27118
4.36984	-1.54015	4.36984	-1.54015
0.476486	3.67915	0.476486	3.67915
4.50589	2.78782	4.50589	2.78782
-0.486188	-1.3141	-0.486188	-1.3141
5.41122	-0.869971	5.41122	-0.869971
2.32866	1.55889	2.32866	1.55889
-5.15376	-1.31513	-5.15376	-1.31513
1.1033	-3.59623	1.1033	-3.59623
4.37549	3.63507	4.37549	3.63507
1.05555	-2.03902	1.05555	-2.03902
-1.89053	-1.93242	-1.89053	-1.93242
3.92841	2.06813	3.92841	2.06813
3.74313	1.81327	3.74313	1.81327
3.57492	0.210001	3.57492	0.210001
3.86417	2.66963	3.86417	2.66963
1.07398	-3.22357	1.07398	-3.22357
4.29681	3.62413	4.29681	3.62413
0.8191	-2.88212	0.8191	-2.88212
3.27815	-0.957195	3.27815	-0.957195
2.68066	-0.746882	2.68066	-0.746882
-2.53961	0.61173	-2.53961	0.61173
3.69462	-1.3917	3.69462	-1.3917
5.0297	3.39399	5.0297	3.39399
2.08127	2.85656	2.08127	2.85656
0.940345	5.84636	0.940345	5.84636
-0.752789	-0.541853	-0.752789	-0.541853
-0.0926843	2.01548	-0.0926843	2.01548
0.952844	4.50926	0.952844	4.50926
3.2834	1.61611	3.2834	1.61611
4.63532	0.698657	4.63532	0.698657
2.62799	1.22686	2.62799	1.22686
3.16748	-3.00883	3.16748	-3.00883
3.13439	3.32827	3.13439	3.32827
4.54431	-4.12899	4.54431	-4.12899
4.42108	2.50106	4.42108	2.50106
2.74163	3.77735	2.74163	3.77735
4.69898	2.426	4.69898	2.426
0.546743	1.05302	0.546743	1.05302
6.32179	1.58631	6.32179	1.58631
2.82312	-3.6029	2.82312	-3.6029
4.98714	-0.16319	4.98714	-0.16319
1.38377	0.681149	1.38377	0.681149
5.96685	0.16455	5.96685	0.16455
1.84559	-3.88215	1.84559	-3.88215
0.0437365	-0.070858	0.0437365	-0.070858
-0.00776291	0.804709	-0.00776291	0.804709
4.70631	1.27193	4.70631	1.27193
-0.611759	0.485038	-0.611759	0.485038
3.4941	1.71423	3.4941	1.71423
4.62819	0.810616	4.62819	0.810616
2.5751	3.72631	2.5751	3.72631
5.8606	1.71198	5.8606	1.71198
1.26204	4.39668	1.26204	4.39668
1.58839	0.978058	1.58839	0.978058
3.81586	-0.36692	3.81586	-0.36692
2.04207	-5.25466	2.04207	-5.25466
5.10637	3.75913	5.10637	3.75913
-1.96955	5.92742	-1.96955	5.92742
3.24375	3.67089	3.24375	3.67089
1.25431	3.17004	1.25431	3.17004
3.19265	4.71677	3.19265	4.71677
4.05384	-0.369946	4.05384	-0.369946
1.84024	-0.573521	1.84024	-0.573521
5.86581	3.284	5.86581	3.284
4.09617	1.48261	4.09617	1.48261
-1.49733	2.69461	-1.49733	2.69461
4.92239	2.22591	4.92239	2.22591
3.22598	-1.55591	3.22598	-1.55591
4.09769	1.42828	4.09769	1.42828
3.14832	-1.31679	3.14832	-1.31679
3.50213	4.12681	3.50213	4.12681
4.61087	3.97546	4.61087	3.97546
2.7603	5.1424	2.7603	5.1424
5.7547	4.45871	5.7547	4.45871
0.322639	3.93255	0.322639	3.93255
5.43741	-0.925509	5.43741	-0.925509
2.04575	3.77304	2.04575	3.77304
2.30607	2.55242	2.30607	2.55242
0.965815	-2.90938	0.965815	-2.90938
1.11208	2.1536	1.11208	2.1536
4.38457	1.99241	4.38457	1.99241
3.19297	0.762092	3.19297	0.762092
2.69191	5.38614	2.69191	5.38614
4.54414	4.11595	4.54414	4.11595
5.07447	-1.24852	5.07447	-1.24852
1.82668	1.68412	1.82668	1.68412
0.858295	-0.435721	0.858295	-0.435721
2.07347	2.88253	2.07347	2.88253
0.819483	4.54841	0.819483	4.54841
3.30696	-0.408148	3.30696	-0.408148
6.48858	0.783439	6.48858	0.783439
-2.61447	2.92284	-2.61447	2.92284
2.99976	-1.79872	2.99976	-1.79872
3.2099	1.54213	3.2099	1.54213
0.923851	5.8244	0.923851	5.8244
3.69788	3.28881	3.69788	3.28881
4.24602	-2.36341	4.24602	-2.36341
4.8366	-1.5016	4.8366	-1.5016
3.09747	-2.80248	3.09747	-2.80248
3.72296	2.338	3.72296	2.338
0.9979	4.48345	0.9979	4.48345
1.22897	1.7442	1.22897	1.7442
-1.70478	4.56036	-1.70478	4.56036
3.67511	2.20526	3.67511	2.20526
-4.15872	2.58717	-4.15872	2.58717
-0.305709	-3.54982	-0.305709	-3.54982
-1.68162	1.18517	-1.68162	1.18517
5.38514	-1.82085	5.38514	-1.82085
-0.938539	6.93188	-0.938539	6.93188
0.666021	-4.08941	0.666021	-4.08941
-0.688712	6.16352	-0.688712	6.16352
4.67398	3.60712	4.67398	3.60712
-2.55233	5.39981	-2.55233	5.39981
4.68545	3.72089	4.68545	3.72089
2.15959	2.78653	2.15959	2.78653
5.29844	0.204952	5.29844	0.204952
2.76857	-1.15448	2.76857	-1.15448
3.49738	-4.45891	3.49738	-4.45891
-1.00715	4.30555	-1.00715	4.30555
1.97272	0.41456	1.97272	0.41456
-3.88636	0.614613	-3.88636	0.614613
0.216442	-3.94877	0.216442	-3.94877
1.47227	0.114991	1.47227	0.114991
0.564581	5.98291	0.564581	5.98291
5.33538	-1.85698	5.33538	-1.85698
7.92099	0.225859	7.92099	0.225859
1.62057	3.25446	1.62057	3.25446
5.59296	1.95663	5.59296	1.95663
4.38429	0.0334964	4.38429	0.0334964
1.59425	-2.94798	1.59425	-2.94798
-0.17524	5.5378	-0.17524	5.5378
2.39417	1.92237	2.39417	1.92237
-2.12802	4.83168	-2.12802	4.83168
2.60714	3.731	2.60714	3.731
5.15093	-0.96089	5.15093	-0.96089
1.11299	1.66211	1.11299	1.66211
4.79518	5.70134	4.79518	5.70134
-1.33314	-0.791592	-1.33314	-0.791592
1.41036	-3.47906	1.41036	-3.47906
5.04099	-1.12262	5.04099	-1.12262
1.83964	0.733026	1.83964	0.733026
2.78056	4.04922	2.78056	4.04922
2.66001	0.0589075	2.66001	0.0589075
3.37764	-1.89755	3.37764	-1.89755
5.67818	-3.22926	5.67818	-3.22926
-3.07443	-3.31513	-3.07443	-3.31513
2.58559	0.683768	2.58559	0.683768
4.67505	1.52159	4.67505	1.52159
5.01078	3.74223	5.01078	3.74223
-1.95648	4.50895	-1.95648	4.50895
0.0916042	3.7553	0.0916042	3.7553
-1.27079	-0.158923	-1.27079	-0.158923
2.36211	-4.39377	2.36211	-4.39377
1.89981	4.04144	1.89981	4.04144
2.55507	5.00894	2.55507	5.00894
4.91185	4.12544	4.91185	4.12544
3.35054	2.88173	3.35054	2.88173
2.28959	5.70465	2.28959	5.70465
2.81507	2.89535	2.81507	2.89535
-1.3768	4.87494	-1.3768	4.87494
2.77038	1.37501	2.77038	1.37501
3.56689	-0.280931	3.56689	-0.280931
0.986254	1.17491	0.986254	1.17491
-1.08535	6.65222	-1.08535	6.65222
2.02247	-4.07009	2.02247	-4.07009
5.80555	1.91656	5.80555	1.91656
2.96399	3.99111	2.96399	3.99111
0.306406	-0.647573	0.306406	-0.647573
2.51673	-3.12925	2.51673	-3.12925
0.560885	2.78154	0.560885	2.78154
-3.31474	-1.56207	-3.31474	-1.56207
0.895868	2.81624	0.895868	2.81624
2.31428	1.05927	2.31428	1.05927
3.44656	3.7374	3.44656	3.7374
2.44194	2.98194	2.44194	2.98194
-0.0376415	2.49722	-0.0376415	2.49722
-3.15956	3.14058	-3.15956	3.14058
4.17612	3.03817	4.17612	3.03817
-1.24466	-1.76948	-1.24466	-1.76948
-0.665777	4.15311	-0.665777	4.15311
-5.71277	5.39213	-5.71277	5.39213
3.08809	1.24419	3.08809	1.24419
6.9353	1.57432	6.9353	1.57432
-2.05167	0.616354	-2.05167	0.616354
5.96018	1.17351	5.96018	1.17351
3.79429	-1.46061	3.79429	-1.46061
1.67261	2.38119	1.67261	2.38119
5.63311	3.01011	5.63311	3.01011
-1.18835	5.34251	-1.18835	5.34251
2.55883	6.77147	2.55883	6.77147
2.36605	-3.76549	2.36605	-3.76549
1.98048	6.62648	1.98048	6.62648
1.45391	1.18511	1.45391	1.18511
2.4737	5.3079	2.4737	5.3079
-2.66991	2.50996	-2.66991	2.50996
1.94966	-3.27666	1.94966	-3.27666
0.957312	1.85178	0.957312	1.85178
6.25086	-3.03958	6.25086	-3.03958
0.940638	-0.171668	0.940638	-0.171668
3.07306	-2.22473	3.07306	-2.22473
3.27811	2.63337	3.27811	2.63337
0.564795	5.94964	0.564795	5.94964
6.17213	1.76928	6.17213	1.76928
-4.92901	4.51822	-4.92901	4.51822
2.30258	3.46346	2.30258	3.46346
2.23131	6.30666	2.23131	6.30666
1.08196	-2.60163	1.08196	-2.60163
3.41381	4.40246	3.41381	4.40246
2.64803	-1.47647	2.64803	-1.47647
3.13701	-3.92362	3.13701	-3.92362
6.55626	-3.922	6.55626	-3.922
3.7323	6.09745	3.7323	6.09745
-1.02676	-0.77414	-1.02676	-0.77414
2.27986	4.23973	2.27986	4.23973
1.79766	5.63322	1.79766	5.63322
3.37777	0.567025	3.37777	0.567025
1.55049	1.25898	1.55049	1.25898
2.24483	0.868843	2.24483	0.868843
2.86186	3.40371	2.86186	3.40371
4.3781	-2.91541	4.3781	-2.91541
7.146	7.40145	7.146	7.40145
-3.25774	2.35048	-3.25774	2.35048
-0.246428	4.59477	-0.246428	4.59477
5.56405	0.907325	5.56405	0.907325
-0.246697	5.07738	-0.246697	5.07738
3.89795	-2.26764	3.89795	-2.26764
1.59277	0.827486	1.59277	0.827486
1.95849	-4.73487	1.95849	-4.73487
3.13479	-3.11782	3.13479	-3.11782
-0.755886	6.91583	-0.755886	6.91583
2.94484	1.12313	2.94484	1.12313
2.98845	3.01293	2.98845	3.01293
6.4553	1.08066	6.4553	1.08066
5.09359	1.56618	5.09359	1.56618
4.61202	1.31134	4.61202	1.31134
4.21201	3.96256	4.21201	3.96256
1.58933	-0.411678	1.58933	-0.411678
5.5809	-1.22219	5.5809	-1.22219
2.4401	4.40461	2.4401	4.40461
2.00673	-1.83936	2.00673	-1.83936
1.0973	6.09413	1.0973	6.09413
3.12232	0.483992	3.12232	0.483992
4.47307	-0.646275	4.47307	-0.646275
2.68729	-0.0324612	2.68729	-0.0324612
3.02765	3.01703	3.02765	3.01703
1.11298	5.84233	1.11298	5.84233
3.78858	2.3905	3.78858	2.3905
0.0350603	7.23452	0.0350603	7.23452
0.232998	1.60999	0.232998	1.60999
4.14391	3.52191	4.14391	3.52191
2.63732	-3.8059	2.63732	-3.8059
2.07064	-3.40055	2.07064	-3.40055
-0.886246	5.58584	-0.886246	5.58584
5.6174	-0.582159	5.6174	-0.582159
5.601	4.92954	5.601	4.92954
4.10591	4.8029	4.10591	4.8029
3.74685	0.194214	3.74685	0.194214
2.43666	0.835764	2.43666	0.835764
0.993437	-1.49895	0.993437	-1.49895
6.96365	-0.813769	6.96365	-0.813769
2.47253	1.79053	2.47253	1.79053
1.62765	-2.11527	1.62765	-2.11527
3.94317	1.59177	3.94317	1.59177
4.82938	2.93264	4.82938	2.93264
4.18352	-0.839358	4.18352	-0.839358
0.380869	6.53782	0.380869	6.53782
1.04634	4.04158	1.04634	4.04158
4.3106	-1.67635	4.3106	-1.67635
0.481493	-0.188054	0.481493	-0.188054
3.41915	0.322098	3.41915	0.322098
1.58294	-0.160787	1.58294	-0.160787
0.991112	-1.83221	0.991112	-1.83221
-0.139649	-2.28914	-0.139649	-2.28914
-2.09782	3.40542	-2.09782	3.40542
5.83316	-1.09067	5.83316	-1.09067
0.805941	4.04785	0.805941	4.04785
0.521702	4.99076	0.521702	4.99076
3.58654	1.50264	3.58654	1.50264
4.96755	2.58659	4.96755	2.58659
-0.750015	-1.52068	-0.750015	-1.52068
-0.669287	-2.00576	-0.669287	-2.00576
5.25297	0.692431	5.25297	0.692431
-5.33612	-0.874279	-5.33612	-0.874279
5.2063	1.61493	5.2063	1.61493
0.679179	0.149947	0.679179	0.149947
4.86155	1.86488	4.86155	1.86488
2.55024	-0.862907	2.55024	-0.862907
2.32202	3.63041	2.32202	3.63041
-0.534196	1.79333	-0.534196	1.79333
-3.38649	1.93974	-3.38649	1.93974
4.90192	4.7105	4.90192	4.7105
-0.818168	4.37104	-0.818168	4.37104
1.14194	2.07231	1.14194	2.07231
1.95759	2.27506	1.95759	2.27506
1.4697	4.31675	1.4697	4.31675
2.22651	4.2544	2.22651	4.2544
2.87575	0.190999	2.87575	0.190999
3.90628	6.68072	3.90628	6.68072
-1.72577	4.38004	-1.72577	4.38004
0.909069	6.02801	0.909069	6.02801
-0.633878	4.12371	-0.633878	4.12371
-3.80935	4.1653	-3.80935	4.1653
2.76251	-1.28895	2.76251	-1.28895
4.83934	1.33928	4.83934	1.33928
3.84253	2.42141	3.84253	2.42141
-4.91842	2.50139	-4.91842	2.50139
3.05304	1.44626	3.05304	1.44626
1.76903	1.71363	1.76903	1.71363
2.05258	4.439	2.05258	4.439
1.88808	1.96792	1.88808	1.96792
1.67875	4.33694	1.67875	4.33694
4.26038	2.7328	4.26038	2.7328
3.0858	2.18069	3.0858	2.18069
2.58827	-4.88472	2.58827	-4.88472
-0.540821	3.12468	-0.540821	3.12468
2.92266	2.31254	2.92266	2.31254
4.19578	0.565468	4.19578	0.565468
3.51081	0.315114	3.51081	0.315114
5.87787	2.57434	5.87787	2.57434
4.63545	2.13791	4.63545	2.13791
5.25674	0.191046	5.25674	0.191046
3.61413	-1.73895	3.61413	-1.73895
3.0933	-4.03227	3.0933	-4.03227
0.946938	-0.252496	0.946938	-0.252496
4.11878	-0.780166	4.11878	-0.780166
5.31496	-1.24265	5.31496	-1.24265
4.08135	1.73703	4.08135	1.73703
4.37573	5.96587	4.37573	5.96587
1.82901	6.01261	1.82901	6.01261
2.24187	4.01323	2.24187	4.01323
2.26642	-2.51429	2.26642	-2.51429
3.63059	3.1622	3.63059	3.1622
2.90518	5.9723	2.90518	5.9723
3.0011	-2.81861	3.0011	-2.81861
4.58523	4.8076	4.58523	4.8076
5.37864	-1.10831	5.37864	-1.10831
5.20431	-1.41965	5.20431	-1.41965
4.60583	1.78992	4.60583	1.78992
3.12645	2.06335	3.12645	2.06335
2.20973	4.19865	2.20973	4.19865
5.88093	0.940539	5.88093	0.940539
3.25452	6.35936	3.25452	6.35936
0.178875	1.69622	0.178875	1.69622
3.76622	0.0573068	3.76622	0.0573068
4.77163	2.37806	4.77163	2.37806
5.00929	3.79963	5.00929	3.79963
6.61846	-1.02545	6.61846	-1.02545
3.25823	-3.58981	3.25823	-3.58981
1.12211	0.414475	1.12211	0.414475
0.0111694	3.7179	0.0111694	3.7179
3.84731	3.54132	3.84731	3.54132
-3.45284	2.61277	-3.45284	2.61277
0.979418	0.287489	0.979418	0.287489
1.81258	0.835809	1.81258	0.835809
1.25553	4.68702	1.25553	4.68702
2.27279	-2.08064	2.27279	-2.08064
5.27598	-2.09784	5.27598	-2.09784
3.16308	3.89954	3.16308	3.89954
4.23809	1.99737	4.23809	1.99737
1.36215	4.7311	1.36215	4.7311
4.60073	2.69117	4.60073	2.69117
4.81746	1.06594	4.81746	1.06594
5.21653	0.866747	5.21653	0.866747
4.88132	1.21349	4.88132	1.21349
5.4473	2.11409	5.4473	2.11409
5.5214	1.52052	5.5214	1.52052
-0.0239768	-2.29672	-0.0239768	-2.29672
1.35813	-2.56278	1.35813	-2.56278
4.07481	0.45826	4.07481	0.45826
3.14254	-4.74623	3.14254	-4.74623
-0.775716	4.20643	-0.775716	4.20643
-0.315944	5.91876	-0.315944	5.91876
5.00148	-4.84011	5.00148	-4.84011
0.026217	5.71274	0.026217	5.71274
0.327815	0.0625782	0.327815	0.0625782
0.0559578	1.37083	0.0559578	1.37083
-2.59695	0.101074	-2.59695	0.101074
3.57676	2.76399	3.57676	2.76399
-0.907346	3.20562	-0.907346	3.20562
-5.34734	-2.97101	-5.34734	-2.97101
5.73203	0.320951	5.73203	0.320951
3.47247	4.10782	3.47247	4.10782
5.4821	-0.467656	5.4821	-0.467656
4.98627	-2.12992	4.98627	-2.12992
2.98785	-2.9443	2.98785	-2.9443
-1.31779	4.26598	-1.31779	4.26598
3.2399	-0.0797424	3.2399	-0.0797424
1.32036	4.94266	1.32036	4.94266
2.51854	5.20306	2.51854	5.20306
-3.48841	-1.22345	-3.48841	-1.22345
5.26524	-2.14022	5.26524	-2.14022
3.42698	2.62739	3.42698	2.62739
5.24961	0.188676	5.24961	0.188676
1.47694	-3.27562	1.47694	-3.27562
4.16824	-1.3368	4.16824	-1.3368
4.74884	-1.69742	4.74884	-1.69742
4.90543	-1.34329	4.90543	-1.34329
1.21136	4.52305	1.21136	4.52305
5.7821	-2.16409	5.7821	-2.16409
0.231363	4.94455	0.231363	4.94455
3.77657	2.55147	3.77657	2.55147
5.2757	3.51702	5.2757	3.51702
5.7706	3.01186	5.7706	3.01186
6.37504	2.77861	6.37504	2.77861
-1.92895	-0.856818	-1.92895	-0.856818
2.05619	0.0262957	2.05619	0.0262957
2.56727	4.64535	2.56727	4.64535
-0.309484	4.40847	-0.309484	4.40847
2.04914	5.87238	2.04914	5.87238
1.55959	5.52219	1.55959	5.52219
0.0617652	0.435033	0.0617652	0.435033
5.1888	2.74787	5.1888	2.74787
2.84122	0.863839	2.84122	0.863839
3.56149	2.14203	3.56149	2.14203
2.15954	-1.44933	2.15954	-1.44933
4.98991	-1.0704	4.98991	-1.0704
8.83082	2.43273	8.83082	2.43273
4.7857	-0.00320244	4.7857	-0.00320244
5.03305	1.36991	5.03305	1.36991
4.23795	-0.306743	4.23795	-0.306743
1.39438	-0.585252	1.39438	-0.585252
2.11225	3.41245	2.11225	3.41245
1.43472	5.70689	1.43472	5.70689
0.768961	0.579882	0.768961	0.579882
5.46094	0.0746252	5.46094	0.0746252
-2.40821	2.76675	-2.40821	2.76675
2.49623	4.25579	2.49623	4.25579
3.15299	-0.619573	3.15299	-0.619573
6.23208	-0.0567621	6.23208	-0.0567621
3.25155	-1.41354	3.25155	-1.41354
2.98622	3.08475	2.98622	3.08475
5.74042	0.537706	5.74042	0.537706
1.16127	2.63216	1.16127	2.63216
1.35468	3.89901	1.35468	3.89901
6.10429	2.55196	6.10429	2.55196
-4.82355	2.2071	-4.82355	2.2071
3.73731	0.37666	3.73731	0.37666
3.44636	-3.02175	3.44636	-3.02175
-0.280336	-3.75282	-0.280336	-3.75282
1.32975	5.96926	1.32975	5.96926
1.96485	2.90897	1.96485	2.90897
-1.64159	0.0553412	-1.64159	0.0553412
3.91608	2.79821	3.91608	2.79821
3.99027	0.453666	3.99027	0.453666
3.61988	-0.275772	3.61988	-0.275772
3.27948	4.45338	3.27948	4.45338
-1.33477	0.828619	-1.33477	0.828619
-0.598666	-0.688753	-0.598666	-0.688753
0.707206	6.29616	0.707206	6.29616
-0.245969	-4.72183	-0.245969	-4.72183
-0.404735	5.79001	-0.404735	5.79001
3.78921	4.4744	3.78921	4.4744
-0.500691	-0.0887523	-0.500691	-0.0887523
1.72237	2.18953	1.72237	2.18953
5.05418	-0.370485	5.05418	-0.370485
1.21035	5.75909	1.21035	5.75909
4.00948	4.18035	4.00948	4.18035
1.30271	2.13009	1.30271	2.13009
5.05632	2.19127	5.05632	2.19127
2.40812	0.660458	2.40812	0.660458
1.35906	5.70869	1.35906	5.70869
-3.75135	-1.47084	-3.75135	-1.47084
2.10149	2.08332	2.10149	2.08332
4.10537	2.75116	4.10537	2.75116
3.86302	0.699696	3.86302	0.699696
6.88916	2.39668	6.88916	2.39668
3.81357	-2.04658	3.81357	-2.04658
2.88691	4.13856	2.88691	4.13856
5.75508	0.826023	5.75508	0.826023
3.92219	1.08339	3.92219	1.08339
4.63878	0.17842	4.63878	0.17842
1.6937	1.85696	1.6937	1.85696
3.88673	-2.39816	3.88673	-2.39816
0.717864	-0.864848	0.717864	-0.864848
7.06358	5.86722	7.06358	5.86722
1.05339	5.80696	1.05339	5.80696
5.56081	2.90034	5.56081	2.90034
5.64552	-0.024978	5.64552	-0.024978
0.942531	2.07213	0.942531	2.07213
3.93842	-1.07571	3.93842	-1.07571
4.82932	-0.650088	4.82932	-0.650088
-3.28104	-2.06943	-3.28104	-2.06943
1.85505	-2.8521	1.85505	-2.8521
-2.90982	3.15287	-2.90982	3.15287
2.51855	3.36472	2.51855	3.36472
1.47007	4.54099	1.47007	4.54099
-1.50083	1.89092	-1.50083	1.89092
-2.15945	5.98834	-2.15945	5.98834
4.06403	0.325802	4.06403	0.325802
2.04512	-0.850416	2.04512	-0.850416
0.873222	4.54853	0.873222	4.54853
4.65455	0.601669	4.65455	0.601669
1.70729	-3.39803	1.70729	-3.39803
-3.08692	4.92694	-3.08692	4.92694
4.17609	-0.220008	4.17609	-0.220008
2.01578	-0.510002	2.01578	-0.510002
-0.170801	2.847	-0.170801	2.847
5.0781	-1.4298	5.0781	-1.4298
3.05834	-1.23998	3.05834	-1.23998
6.83652	0.999617	6.83652	0.999617
7.07409	-1.7949	7.07409	-1.7949
5.56394	-1.93439	5.56394	-1.93439
1.85409	-0.991897	1.85409	-0.991897
-1.05022	6.86958	-1.05022	6.86958
3.19647	0.291728	3.19647	0.291728
6.07951	0.453534	6.07951	0.453534
1.99445	5.36676	1.99445	5.36676
0.447642	3.09901	0.447642	3.09901
5.49368	-0.711315	5.49368	-0.711315
2.55218	4.34596	2.55218	4.34596
6.17168	0.53406	6.17168	0.53406
1.92584	-0.0424285	1.92584	-0.0424285
1.06072	4.12504	1.06072	4.12504
1.21438	4.55677	1.21438	4.55677
2.1747	4.22423	2.1747	4.22423
3.84535	0.541046	3.84535	0.541046
-1.30139	1.31029	-1.30139	1.31029
0.327535	3.09027	0.327535	3.09027
-1.04245	5.41939	-1.04245	5.41939
0.172686	2.93203	0.172686	2.93203
4.63467	0.822047	4.63467	0.822047
2.37268	5.59293	2.37268	5.59293
1.18949	1.73062	1.18949	1.73062
1.84221	0.816302	1.84221	0.816302
0.43135	5.31327	0.43135	5.31327
-1.30691	2.64123	-1.30691	2.64123
0.312891	3.73461	0.312891	3.73461
0.958483	1.26414	0.958483	1.26414
1.22103	-2.01496	1.22103	-2.01496
3.46575	0.464941	3.46575	0.464941
2.76772	-0.110656	2.76772	-0.110656
2.3624	6.37293	2.3624	6.37293
-3.96754	3.52652	-3.96754	3.52652
6.41673	3.13462	6.41673	3.13462
4.57354	1.48632	4.57354	1.48632
-0.846418	4.64798	-0.846418	4.64798
5.53158	-0.6745	5.53158	-0.6745
5.65016	-0.0398353	5.65016	-0.0398353
-2.76879	-2.74572	-2.76879	-2.74572
0.519989	3.45291	0.519989	3.45291
-2.9377	-1.89005	-2.9377	-1.89005
4.14281	5.776	4.14281	5.776
5.37596	1.25438	5.37596	1.25438
1.95771	-2.58705	1.95771	-2.58705
5.33187	0.113853	5.33187	0.113853
3.57172	2.27791	3.57172	2.27791
2.70691	5.24827	2.70691	5.24827
-1.5697	-4.96711	-1.5697	-4.96711
-1.19331	-2.76662	-1.19331	-2.76662
2.91691	1.32443	2.91691	1.32443
2.53635	6.69895	2.53635	6.69895
2.85665	-2.76518	2.85665	-2.76518
-5.21748	5.45895	-5.21748	5.45895
-3.45629	0.0751939	-3.45629	0.0751939
0.332277	0.997344	0.332277	0.997344
2.09367	0.561945	2.09367	0.561945
5.68896	2.44479	5.68896	2.44479
3.73277	2.79646	3.73277	2.79646
2.704	5.01503	2.704	5.01503
3.44992	4.82106	3.44992	4.82106
-2.33662	4.12568	-2.33662	4.12568
0.791159	-3.09007	0.791159	-3.09007
4.31034	0.0780754	4.31034	0.0780754
4.35764	3.42034	4.35764	3.42034
2.46007	1.23054	2.46007	1.23054
3.93271	-1.31991	3.93271	-1.31991
5.01954	-0.197632	5.01954	-0.197632
5.53793	-0.605075	5.53793	-0.605075
1.98669	3.31612	1.98669	3.31612
3.97478	-0.835091	3.97478	-0.835091
6.14095	-1.06889	6.14095	-1.06889
4.11114	4.18656	4.11114	4.18656
7.50031	1.16621	7.50031	1.16621
5.03971	5.88002	5.03971	5.88002
-0.0348682	1.19454	-0.0348682	1.19454
3.9795	-0.0833526	3.9795	-0.0833526
4.89748	2.56431	4.89748	2.56431
2.51203	-3.76942	2.51203	-3.76942
2.95894	3.25008	2.95894	3.25008
1.42282	7.60443	1.42282	7.60443
0.991886	7.33522	0.991886	7.33522
1.58723	2.1027	1.58723	2.1027
4.90492	0.382336	4.90492	0.382336
1.99891	3.79866	1.99891	3.79866
0.677008	5.23439	0.677008	5.23439
5.78471	2.66694	5.78471	2.66694
4.73933	2.45298	4.73933	2.45298
4.4241	1.26068	4.4241	1.26068
3.61829	4.08528	3.61829	4.08528
5.06852	2.82973	5.06852	2.82973
-1.97128	-0.877995	-1.97128	-0.877995
2.21279	2.13283	2.21279	2.13283
5.94201	4.48291	5.94201	4.48291
4.05986	-0.448532	4.05986	-0.448532
0.78246	1.17848	0.78246	1.17848
1.92844	5.30192	1.92844	5.30192
2.77293	3.02812	2.77293	3.02812
4.83282	-2.30717	4.83282	-2.30717
0.174669	5.09541	0.174669	5.09541
3.20587	4.69925	3.20587	4.69925
7.0646	-1.62174	7.0646	-1.62174
5.87958	2.23984	5.87958	2.23984
-1.17524	4.10329	-1.17524	4.10329
3.1783	3.9731	3.1783	3.9731
8.70855	1.83974	8.70855	1.83974
-0.428306	0.407903	-0.428306	0.407903
4.17816	3.1787	4.17816	3.1787
0.553847	6.26353	0.553847	6.26353
3.54887	2.10967	3.54887	2.10967
-2.75419	6.24623	-2.75419	6.24623
3.22496	-0.513654	3.22496	-0.513654
3.89085	-3.74107	3.89085	-3.74107
5.37905	0.0865517	5.37905	0.0865517
6.25145	4.28696	6.25145	4.28696
0.335562	2.82747	0.335562	2.82747
5.00028	3.02383	5.00028	3.02383
5.90935	4.04639	5.90935	4.04639
5.22307	0.327184	5.22307	0.327184
-1.97047	2.08126	-1.97047	2.08126
-4.28122	5.29799	-4.28122	5.29799
5.885	2.77693	5.885	2.77693
-4.6002	1.16911	-4.6002	1.16911
5.32595	1.84784	5.32595	1.84784
4.58011	0.230596	4.58011	0.230596
3.45064	4.50745	3.45064	4.50745
5.27572	0.62818	5.27572	0.62818
2.47624	3.32676	2.47624	3.32676
3.50347	0.952797	3.50347	0.952797
5.0187	5.4112	5.0187	5.4112
5.44387	5.10138	5.44387	5.10138
5.20092	2.24577	5.20092	2.24577
4.92468	2.21705	4.92468	2.21705
4.25027	1.44921	4.25027	1.44921
-0.556417	5.1874	-0.556417	5.1874
5.77407	1.23117	5.77407	1.23117
3.63826	2.80146	3.63826	2.80146
0.609939	3.9351	0.609939	3.9351
0.506402	4.7199	0.506402	4.7199
3.7313	-1.32765	3.7313	-1.32765
1.80655	-1.98182	1.80655	-1.98182
-2.06123	4.06362	-2.06123	4.06362
0.126764	0.665422	0.126764	0.665422
2.69645	3.84564	2.69645	3.84564
3.66763	-3.00768	3.66763	-3.00768
4.02117	3.40168	4.02117	3.40168
5.3916	2.68169	5.3916	2.68169
-1.26018	4.91786	-1.26018	4.91786
1.55042	0.55436	1.55042	0.55436
2.52899	0.0881619	2.52899	0.0881619
0.183083	-4.77546	0.183083	-4.77546
-0.395025	0.958184	-0.395025	0.958184
3.4884	2.98173	3.4884	2.98173
3.45939	2.12944	3.45939	2.12944
3.86155	2.47529	3.86155	2.47529
-4.09471	-0.978396	-4.09471	-0.978396
2.93453	2.00147	2.93453	2.00147
-1.56865	1.36639	-1.56865	1.36639
3.74439	-3.097	3.74439	-3.097
4.36621	6.45866	4.36621	6.45866
4.39678	2.67848	4.39678	2.67848
3.06606	-0.876201	3.06606	-0.876201
5.23088	3.02478	5.23088	3.02478
4.30669	3.03755	4.30669	3.03755
1.90484	0.42336	1.90484	0.42336
1.39674	1.61714	1.39674	1.61714
4.72906	-1.84037	4.72906	-1.84037
0.413567	5.7347	0.413567	5.7347
-0.229652	3.36434	-0.229652	3.36434
-0.812319	2.28276	-0.812319	2.28276
-1.31451	0.116089	-1.31451	0.116089
-0.815926	6.07837	-0.815926	6.07837
4.12426	1.21926	4.12426	1.21926
7.51296	1.29503	7.51296	1.29503
5.6573	1.3631	5.6573	1.3631
-1.31988	3.97523	-1.31988	3.97523
1.13917	4.8855	1.13917	4.8855
2.99715	3.15562	2.99715	3.15562
5.55773	1.65636	5.55773	1.65636
3.44709	0.846109	3.44709	0.846109
2.23897	4.26339	2.23897	4.26339
4.33513	2.92134	4.33513	2.92134
-0.737068	-0.190319	-0.737068	-0.190319
7.6464	0.142428	7.6464	0.142428
4.26328	3.92971	4.26328	3.92971
0.288596	5.07077	0.288596	5.07077
-0.205711	5.8696	-0.205711	5.8696
2.91261	3.90048	2.91261	3.90048
-3.03925	-0.235014	-3.03925	-0.235014
3.04895	5.9086	3.04895	5.9086
0.885995	4.85921	0.885995	4.85921
3.01313	-0.243699	3.01313	-0.243699
3.76173	-1.98822	3.76173	-1.98822
3.00045	-1.74544	3.00045	-1.74544
3.78295	2.48225	3.78295	2.48225
-0.500802	-1.55065	-0.500802	-1.55065
2.52107	-0.0705948	2.52107	-0.0705948
1.58829	-1.62706	1.58829	-1.62706
0.196307	1.06772	0.196307	1.06772
3.27138	-2.00179	3.27138	-2.00179
2.40063	5.19946	2.40063	5.19946
2.29506	3.58277	2.29506	3.58277
-0.52823	5.46693	-0.52823	5.46693
1.72631	3.90372	1.72631	3.90372
4.03746	-0.995508	4.03746	-0.995508
1.29752	5.63706	1.29752	5.63706
4.51106	2.16864	4.51106	2.16864
1.9585	4.46835	1.9585	4.46835
5.23178	0.482542	5.23178	0.482542
5.42753	0.0488793	5.42753	0.0488793
-2.68489	-0.677567	-2.68489	-0.677567
2.23816	2.08512	2.23816	2.08512
-1.64202	0.830674	-1.64202	0.830674
-1.30338	2.48362	-1.30338	2.48362
2.08085	7.07791	2.08085	7.07791
3.54643	3.65286	3.54643	3.65286
-0.341323	-0.493859	-0.341323	-0.493859
2.08406	5.8188	2.08406	5.8188
1.16602	-0.99789	1.16602	-0.99789
3.92775	0.755605	3.92775	0.755605
0.263304	6.75375	0.263304	6.75375
3.66086	0.679344	3.66086	0.679344
-0.681408	5.56685	-0.681408	5.56685
-0.705469	5.931	-0.705469	5.931
2.83032	-2.84978	2.83032	-2.84978
2.75062	-2.06236	2.75062	-2.06236
-1.17002	1.83354	-1.17002	1.83354
1.96879	2.08937	1.96879	2.08937
4.82511	2.78423	4.82511	2.78423
3.66331	2.08951	3.66331	2.08951
3.72787	0.715379	3.72787	0.715379
2.7514	0.549878	2.7514	0.549878
0.671184	-1.31544	0.671184	-1.31544
6.94342	0.0567983	6.94342	0.0567983
1.81336	6.6549	1.81336	6.6549
4.05895	5.19404	4.05895	5.19404
6.10766	3.62802	6.10766	3.62802
0.699142	-2.61374	0.699142	-2.61374
3.02183	3.85759	3.02183	3.85759
-1.71637	5.74675	-1.71637	5.74675
3.47119	3.52501	3.47119	3.52501
0.737138	-0.53728	0.737138	-0.53728
4.07087	-1.36612	4.07087	-1.36612
4.78764	1.648	4.78764	1.648
-2.83774	-0.827796	-2.83774	-0.827796
4.73823	-2.23525	4.73823	-2.23525
3.38166	-3.94923	3.38166	-3.94923
3.983	0.851238	3.983	0.851238
1.39059	4.17952	1.39059	4.17952
6.12392	0.854012	6.12392	0.854012
4.30381	2.34926	4.30381	2.34926
2.68072	3.67177	2.68072	3.67177
4.05082	2.75578	4.05082	2.75578
3.44393	3.93125	3.44393	3.93125
1.3773	-4.58079	1.3773	-4.58079
0.155387	-0.00845957	0.155387	-0.00845957
2.52523	-2.14163	2.52523	-2.14163
5.36125	1.31632	5.36125	1.31632
-1.65514	-5.98875	-1.65514	-5.98875
2.96431	-4.4386	2.96431	-4.4386
2.58767	-0.912803	2.58767	-0.912803
4.76228	1.6336	4.76228	1.6336
1.25546	4.82186	1.25546	4.82186
2.99394	-1.94826	2.99394	-1.94826
-0.218782	5.79416	-0.218782	5.79416
-0.956782	3.67874	-0.956782	3.67874
3.14871	-1.85568	3.14871	-1.85568
1.57316	2.35688	1.57316	2.35688
5.02265	2.55282	5.02265	2.55282
2.20922	2.58126	2.20922	2.58126
3.96921	4.27333	3.96921	4.27333
2.9138	-0.591691	2.9138	-0.591691
2.48287	2.9335	2.48287	2.9335
-2.33494	-0.957526	-2.33494	-0.957526
-4.36249	-0.857565	-4.36249	-0.857565
2.17121	-0.466435	2.17121	-0.466435
3.15887	0.64992	3.15887	0.64992
0.371884	1.04512	0.371884	1.04512
2.35966	2.49294	2.35966	2.49294
2.40218	4.01288	2.40218	4.01288
6.56239	2.3769	6.56239	2.3769
4.75951	-2.45108	4.75951	-2.45108
4.45633	2.8405	4.45633	2.8405
3.47176	-0.285137	3.47176	-0.285137
-0.210571	-0.300713	-0.210571	-0.300713
0.466452	-2.94415	0.466452	-2.94415
2.03486	1.71814	2.03486	1.71814
3.41692	4.93032	3.41692	4.93032
5.52997	-1.49355	5.52997	-1.49355
2.82985	1.1926	2.82985	1.1926
-0.768865	6.29361	-0.768865	6.29361
-0.0192901	6.06982	-0.0192901	6.06982
0.984862	-1.77798	0.984862	-1.77798
3.53578	1.85096	3.53578	1.85096
5.33804	2.54643	5.33804	2.54643
3.63261	-1.98317	3.63261	-1.98317
3.65018	-0.0108981	3.65018	-0.0108981
-0.340058	-5.59678	-0.340058	-5.59678
4.64109	6.8101	4.64109	6.8101
5.63906	0.501632	5.63906	0.501632
1.04558	-1.08682	1.04558	-1.08682
4.52422	1.256	4.52422	1.256
4.35001	1.89145	4.35001	1.89145
5.74534	-1.19541	5.74534	-1.19541
2.47412	4.24995	2.47412	4.24995
3.96617	-1.2934	3.96617	-1.2934
7.08472	0.834924	7.08472	0.834924
3.29341	1.55196	3.29341	1.55196
5.46796	0.644063	5.46796	0.644063
2.5902	3.46275	2.5902	3.46275
5.21509	2.7692	5.21509	2.7692
2.99933	6.2871	2.99933	6.2871
1.06114	-2.69501	1.06114	-2.69501
3.91773	-0.0721774	3.91773	-0.0721774
0.84974	3.19032	0.84974	3.19032
5.70887	1.09176	5.70887	1.09176
3.95289	0.898207	3.95289	0.898207
4.58625	-0.653648	4.58625	-0.653648
4.89773	-1.02305	4.89773	-1.02305
2.66995	-3.33191	2.66995	-3.33191
1.56794	-1.74035	1.56794	-1.74035
1.58391	2.893	1.58391	2.893
5.17732	-2.29286	5.17732	-2.29286
3.96125	4.09181	3.96125	4.09181
0.441518	2.74189	0.441518	2.74189
4.11177	0.530426	4.11177	0.530426
-3.11215	6.50389	-3.11215	6.50389
4.98675	0.532612	4.98675	0.532612
1.57969	5.1839	1.57969	5.1839
4.22122	1.9083	4.22122	1.9083
5.26575	-1.72558	5.26575	-1.72558
2.13256	3.58235	2.13256	3.58235
5.8912	0.450321	5.8912	0.450321
3.78284	2.45275	3.78284	2.45275
2.79575	2.09307	2.79575	2.09307
5.72505	2.47985	5.72505	2.47985
3.25002	3.79867	3.25002	3.79867
4.44094	0.950877	4.44094	0.950877
4.59415	3.01859	4.59415	3.01859
4.48408	-0.192043	4.48408	-0.192043
1.67203	-1.67562	1.67203	-1.67562
2.5656	-0.740275	2.5656	-0.740275
0.431479	5.07264	0.431479	5.07264
0.379385	-0.999308	0.379385	-0.999308
4.07379	0.186436	4.07379	0.186436
-5.76907	-1.78461	-5.76907	-1.78461
6.37643	0.794449	6.37643	0.794449
4.05402	1.68878	4.05402	1.68878
2.81564	-1.8695	2.81564	-1.8695
2.20394	3.24813	2.20394	3.24813
0.633446	-0.349716	0.633446	-0.349716
4.3852	4.17668	4.3852	4.17668
0.193943	5.34003	0.193943	5.34003
1.25775	5.21137	1.25775	5.21137
-2.75651	4.92513	-2.75651	4.92513
4.84597	4.3084	4.84597	4.3084
-2.81379	-4.21039	-2.81379	-4.21039
5.10696	0.264311	5.10696	0.264311
2.86183	1.97809	2.86183	1.97809
4.13002	3.29146	4.13002	3.29146
6.69097	3.14665	6.69097	3.14665
-0.354794	4.43217	-0.354794	4.43217
3.0796	0.176102	3.0796	0.176102
-1.34099	4.19133	-1.34099	4.19133
3.52335	-2.53773	3.52335	-2.53773
4.58429	-1.69406	4.58429	-1.69406
-0.0412407	0.273671	-0.0412407	0.273671
-1.90119	5.34115	-1.90119	5.34115
-2.08305	-3.51126	-2.08305	-3.51126
4.02584	0.438722	4.02584	0.438722
4.08298	-3.07224	4.08298	-3.07224
0.0272077	6.01799	0.0272077	6.01799
0.787208	5.50721	0.787208	5.50721
-0.718903	4.01413	-0.718903	4.01413
4.52039	3.75964	4.52039	3.75964
3.5359	1.98269	3.5359	1.98269
2.37943	-3.83256	2.37943	-3.83256
-0.478303	1.42135	-0.478303	1.42135
-4.36199	-0.182361	-4.36199	-0.182361
0.768273	3.23114	0.768273	3.23114
2.0141	-5.049	2.0141	-5.049
4.19066	-1.06166	4.19066	-1.06166
3.59581	-3.18437	3.59581	-3.18437
4.69582	-1.10108	4.69582	-1.10108
6.30617	2.09334	6.30617	2.09334
3.67479	2.30174	3.67479	2.30174
-2.11206	-1.41593	-2.11206	-1.41593
2.35551	5.76469	2.35551	5.76469
1.7771	-0.294318	1.7771	-0.294318
3.15378	1.41205	3.15378	1.41205
1.67531	-3.8179	1.67531	-3.8179
6.21391	1.35246	6.21391	1.35246
2.91161	1.97273	2.91161	1.97273
0.87377	-0.552927	0.87377	-0.552927
-4.83856	4.58867	-4.83856	4.58867
4.0328	-1.04496	4.0328	-1.04496
4.12789	0.131147	4.12789	0.131147
1.64984	5.5262	1.64984	5.5262
2.71319	0.915686	2.71319	0.915686
4.96969	0.121408	4.96969	0.121408
4.19299	3.74315	4.19299	3.74315
3.95019	0.65179	3.95019	0.65179
6.3818	3.06335	6.3818	3.06335
3.42904	-1.48537	3.42904	-1.48537
-3.5997	3.43224	-3.5997	3.43224
-1.44835	6.75247	-1.44835	6.75247
2.02929	2.0853	2.02929	2.0853
4.66373	-5.60078	4.66373	-5.60078
4.1318	-0.21867	4.1318	-0.21867
3.57683	-2.3072	3.57683	-2.3072
0.686235	0.953997	0.686235	0.953997
4.41453	2.44094	4.41453	2.44094
4.9251	5.41864	4.9251	5.41864
2.03999	6.77044	2.03999	6.77044
4.23196	0.211426	4.23196	0.211426
2.25405	-1.02715	2.25405	-1.02715
4.75821	-1.66643	4.75821	-1.66643
1.76013	0.0460162	1.76013	0.0460162
0.392524	3.44686	0.392524	3.44686
1.57577	-0.118936	1.57577	-0.118936
4.00611	1.33602	4.00611	1.33602
-0.612518	-3.98771	-0.612518	-3.98771
2.66876	5.24935	2.66876	5.24935
2.91546	5.62583	2.91546	5.62583
4.79873	-1.42356	4.79873	-1.42356
-1.59055	-0.172807	-1.59055	-0.172807
-1.8531	-0.394075	-1.8531	-0.394075
1.94831	-2.05635	1.94831	-2.05635
2.51457	-1.02535	2.51457	-1.02535
0.46384	4.89578	0.46384	4.89578
4.31619	-0.544513	4.31619	-0.544513
3.09485	-2.3342	3.09485	-2.3342
1.10509	-3.60622	1.10509	-3.60622
0.0901728	3.34414	0.0901728	3.34414
4.20289	2.96463	4.20289	2.96463
-0.0959144	-1.32417	-0.0959144	-1.32417
3.63719	4.35369	3.63719	4.35369
-0.259482	3.20234	-0.259482	3.20234
1.01045	-3.95231	1.01045	-3.95231
1.56196	-1.80417	1.56196	-1.80417
-0.110271	3.70418	-0.110271	3.70418
2.22856	-4.16274	2.22856	-4.16274
3.94181	0.593098	3.94181	0.593098
-4.83953	1.85314	-4.83953	1.85314
0.0099349	-1.79382	0.0099349	-1.79382
-1.5817	5.29782	-1.5817	5.29782
2.75342	4.33672	2.75342	4.33672
3.23873	0.495498	3.23873	0.495498
2.4094	6.68956	2.4094	6.68956
-0.681427	4.55173	-0.681427	4.55173
-4.43413	2.83363	-4.43413	2.83363
2.27005	4.42141	2.27005	4.42141
3.29353	2.10964	3.29353	2.10964
1.7219	-3.79818	1.7219	-3.79818
-2.25585	1.23308	-2.25585	1.23308
2.02608	3.48131	2.02608	3.48131
2.02446	-1.1363	2.02446	-1.1363
4.85287	-0.744503	4.85287	-0.744503
0.811038	1.06593	0.811038	1.06593
-3.51033	-0.807623	-3.51033	-0.807623
2.01375	1.29457	2.01375	1.29457
3.18792	-4.17718	3.18792	-4.17718
3.87569	1.72908	3.87569	1.72908
-3.72317	4.72813	-3.72317	4.72813
3.15321	-1.85577	3.15321	-1.85577
6.1152	2.52178	6.1152	2.52178
3.78166	0.639055	3.78166	0.639055
1.90321	-2.62826	1.90321	-2.62826
3.62755	0.652301	3.62755	0.652301
1.71815	2.73413	1.71815	2.73413
3.59696	4.13348	3.59696	4.13348
-0.540365	3.28956	-0.540365	3.28956
3.0508	1.53318	3.0508	1.53318
4.80416	2.70498	4.80416	2.70498
6.02942	3.39753	6.02942	3.39753
3.52517	-0.373737	3.52517	-0.373737
5.22742	-0.126345	5.22742	-0.126345
-1.74733	0.566456	-1.74733	0.566456
4.60585	-0.251495	4.60585	-0.251495
2.32227	4.08271	2.32227	4.08271
-2.33081	-2.33679	-2.33081	-2.33679
7.22279	-1.24561	7.22279	-1.24561
2.49464	8.13445	2.49464	8.13445
2.01311	-3.98829	2.01311	-3.98829
-1.70194	5.87395	-1.70194	5.87395
4.27066	2.15827	4.27066	2.15827
-0.0270686	-2.39889	-0.0270686	-2.39889
1.96195	1.79884	1.96195	1.79884
5.30491	1.8014	5.30491	1.8014
4.31884	-1.9074	4.31884	-1.9074
4.9491	1.42974	4.9491	1.42974
4.05863	2.87831	4.05863	2.87831
2.85259	5.54642	2.85259	5.54642
3.75141	3.82119	3.75141	3.82119
-1.18263	-1.34641	-1.18263	-1.34641
2.41168	6.21411	2.41168	6.21411
-2.03287	0.415859	-2.03287	0.415859
5.33957	1.89307	5.33957	1.89307
6.08283	-3.16687	6.08283	-3.16687
4.28239	4.09259	4.28239	4.09259
5.3969	1.68798	5.3969	1.68798
2.28083	0.74612	2.28083	0.74612
5.49743	0.344878	5.49743	0.344878
2.15723	-1.66871	2.15723	-1.66871
0.0596042	5.22435	0.0596042	5.22435
1.96548	-2.16012	1.96548	-2.16012
1.57653	3.25149	1.57653	3.25149
3.57269	-0.620425	3.57269	-0.620425
-1.02474	3.17991	-1.02474	3.17991
2.62539	-0.0134335	2.62539	-0.0134335
2.8121	4.94208	2.8121	4.94208
4.18077	3.76789	4.18077	3.76789
2.59501	3.90791	2.59501	3.90791
0.615567	3.18856	0.615567	3.18856
4.60205	2.52309	4.60205	2.52309
1.16462	4.90192	1.16462	4.90192
-4.70081	-2.22753	-4.70081	-2.22753
-2.62555	-3.38595	-2.62555	-3.38595
1.46568	1.08254	1.46568	1.08254
3.31716	1.2984	3.31716	1.2984
2.10173	5.19337	2.10173	5.19337
4.54891	3.35236	4.54891	3.35236
3.4948	5.68519	3.4948	5.68519
5.64692	6.02821	5.64692	6.02821
4.08978	2.88258	4.08978	2.88258
3.73426	4.30932	3.73426	4.30932
1.94258	-0.0669713	1.94258	-0.0669713
-2.64835	1.62368	-2.64835	1.62368
5.02003	0.499637	5.02003	0.499637
-3.34923	1.21671	-3.34923	1.21671
3.02261	1.43994	3.02261	1.43994
3.04035	2.1929	3.04035	2.1929
3.2308	0.64322	3.2308	0.64322
6.1458	-1.41907	6.1458	-1.41907
0.989617	3.85003	0.989617	3.85003
4.20273	-0.869267	4.20273	-0.869267
-0.216386	-1.30328	-0.216386	-1.30328
-1.74864	-2.38329	-1.74864	-2.38329
-0.887181	3.91849	-0.887181	3.91849
0.606687	6.22356	0.606687	6.22356
4.21531	2.60846	4.21531	2.60846
-1.07059	5.99254	-1.07059	5.99254
-1.46834	6.00174	-1.46834	6.00174
0.359336	1.46749	0.359336	1.46749
3.66984	0.535563	3.66984	0.535563
-1.69841	3.04052	-1.69841	3.04052
2.25634	0.646745	2.25634	0.646745
5.26323	-1.14865	5.26323	-1.14865
1.70618	-3.2128	1.70618	-3.2128
0.16711	0.520707	0.16711	0.520707
5.6073	0.831345	5.6073	0.831345
4.56371	1.27695	4.56371	1.27695
3.61336	-1.2705	3.61336	-1.2705
1.60887	-1.93955	1.60887	-1.93955
3.19514	5.22815	3.19514	5.22815
4.85537	0.795763	4.85537	0.795763
2.4904	-1.16142	2.4904	-1.16142
2.35213	4.68469	2.35213	4.68469
0.11586	-2.83211	0.11586	-2.83211
2.63151	3.85399	2.63151	3.85399
1.68833	1.07057	1.68833	1.07057
-0.0579824	-1.64219	-0.0579824	-1.64219
5.99313	-0.383686	5.99313	-0.383686
3.88167	1.33129	3.88167	1.33129
2.81306	0.937051	2.81306	0.937051
4.93232	-0.384858	4.93232	-0.384858
1.31061	-3.14187	1.31061	-3.14187
2.06839	6.3245	2.06839	6.3245
0.661436	3.48027	0.661436	3.48027
2.61246	-1.93162	2.61246	-1.93162
3.05917	5.25739	3.05917	5.25739
4.1337	-0.629666	4.1337	-0.629666
3.68544	4.16183	3.68544	4.16183
0.0758867	-0.0644436	0.0758867	-0.0644436
-0.506035	2.3941	-0.506035	2.3941
3.38507	3.1731	3.38507	3.1731
5.35812	3.41954	5.35812	3.41954
1.81194	-0.351946	1.81194	-0.351946
0.422131	-1.99124	0.422131	-1.99124
0.191903	4.96074	0.191903	4.96074
1.54262	2.43004	1.54262	2.43004
2.91488	1.79285	2.91488	1.79285
3.89606	-0.730411	3.89606	-0.730411
-0.184474	-0.0698195	-0.184474	-0.0698195
