1.10326	3.4353	1.10326	3.4353
2.62765	2.95293	2.62765	2.95293
-1.47256	4.38868	-1.47256	4.38868
3.50671	-1.2876	3.50671	-1.2876
6.68751	2.57783	6.68751	2.57783
2.07754	5.06052	2.07754	5.06052
4.27855	-0.494618	4.27855	-0.494618
5.79583	0.637897	5.79583	0.637897
3.42309	2.69947	3.42309	2.69947
2.5858	4.20353	2.5858	4.20353
2.93657	4.03613	2.93657	4.03613
-0.0055232	-6.4157	-0.0055232	-6.4157
-0.442245	3.55465	-0.442245	3.55465
4.54066	-4.47113	4.54066	-4.47113
3.51276	-2.05559	3.51276	-2.05559
4.29214	1.68506	4.29214	1.68506
5.0344	0.498612	5.0344	0.498612
3.49019	-1.59639	3.49019	-1.59639
-1.48517	1.28491	-1.48517	1.28491
3.20934	-0.39623	3.20934	-0.39623
1.11667	-1.20528	1.11667	-1.20528
2.34082	3.09798	2.34082	3.09798
-0.982014	-4.51997	-0.982014	-4.51997
3.3751	-0.964371	3.3751	-0.964371
-0.397241	4.05919	-0.397241	4.05919
0.742813	-2.23124	0.742813	-2.23124
5.19693	1.92147	5.19693	1.92147
-2.88018	3.27518	-2.88018	3.27518
3.80137	2.53974	3.80137	2.53974
1.10546	-4.05455	1.10546	-4.05455
-0.300783	5.79487	-0.300783	5.79487
4.00575	-2.79759	4.00575	-2.79759
4.35311	-0.210575	4.35311	-0.210575
-2.39997	1.54778	-2.39997	1.54778
5.19501	1.96484	5.19501	1.96484
3.55088	3.29955	3.55088	3.29955
-1.85347	6.9168	-1.85347	6.9168
5.03759	0.794016	5.03759	0.794016
3.16923	-3.87794	3.16923	-3.87794
2.16144	3.15328	2.16144	3.15328
2.71877	0.971564	2.71877	0.971564
4.02624	1.81002	4.02624	1.81002
3.20754	0.670795	3.20754	0.670795
2.30588	-0.966974	2.30588	-0.966974
-0.0520229	-2.62848	-0.0520229	-2.62848
3.6621	-1.86499	3.6621	-1.86499
4.11134	-2.76896	4.11134	-2.76896
-1.0917	4.05249	-1.0917	4.05249
-1.39353	-1.61059	-1.39353	-1.61059
5.15776	-1.21146	5.15776	-1.21146
0.10953	3.58545	0.10953	3.58545
-5.58901	5.67857	-5.58901	5.67857
1.69743	4.18627	1.69743	4.18627
-2.6637	-0.496348	-2.6637	-0.496348
0.216973	-1.84803	0.216973	-1.84803
2.6268	2.88136	2.6268	2.88136
3.68372	-0.329659	3.68372	-0.329659
0.721568	-0.168274	0.721568	-0.168274
4.83066	2.74945	4.83066	2.74945
3.2755	-0.509068	3.2755	-0.509068
1.52324	2.30652	1.52324	2.30652
1.90334	3.71276	1.90334	3.71276
5.51028	1.77863	5.51028	1.77863
4.95852	2.05166	4.95852	2.05166
-1.83054	4.68222	-1.83054	4.68222
2.0582	1.19052	2.0582	1.19052
6.22162	1.28936	6.22162	1.28936
4.42782	3.72428	4.42782	3.72428
0.0509138	0.679584	0.0509138	0.679584
5.13815	3.44508	5.13815	3.44508
2.76392	-2.81806	2.76392	-2.81806
0.993677	0.889819	0.993677	0.889819
7.48922	2.39469	7.48922	2.39469
-2.96081	3.99268	-2.96081	3.99268
5.44794	0.249929	5.44794	0.249929
1.67965	-1.0178	1.67965	-1.0178
3.14806	0.84204	3.14806	0.84204
2.37265	-4.93446	2.37265	-4.93446
-1.38325	2.22278	-1.38325	2.22278
1.42868	-2.25526	1.42868	-2.25526
2.00152	-3.62512	2.00152	-3.62512
0.227005	5.97724	0.227005	5.97724
0.478209	1.32479	0.478209	1.32479
2.36249	0.75577	2.36249	0.75577
3.79268	0.497815	3.79268	0.497815
0.924409	4.91313	0.924409	4.91313
3.58484	4.03743	3.58484	4.03743
-0.942999	4.65017	-0.942999	4.65017
4.28425	2.70671	4.28425	2.70671
1.11879	6.54428	1.11879	6.54428
4.90839	-1.36607	4.90839	-1.36607
4.6475	-1.43518	4.6475	-1.43518
4.00814	3.5014	4.00814	3.5014
2.10823	5.5103	2.10823	5.5103
5.74175	-0.656396	5.74175	-0.656396
5.08115	1.93236	5.08115	1.93236
1.34149	0.853619	1.34149	0.853619
4.00372	2.73621	4.00372	2.73621
5.37375	-0.24228	5.37375	-0.24228
5.39213	2.05113	5.39213	2.05113
3.5439	3.15196	3.5439	3.15196
5.01052	0.807558	5.01052	0.807558
0.475423	-2.43468	0.475423	-2.43468
3.72021	2.01773	3.72021	2.01773
4.43328	-3.49562	4.43328	-3.49562
4.99298	2.30642	4.99298	2.30642
4.29827	-2.51313	4.29827	-2.51313
-2.6835	-1.78732	-2.6835	-1.78732
1.35067	4.94889	1.35067	4.94889
2.45124	-4.53986	2.45124	-4.53986
0.376973	1.14349	0.376973	1.14349
4.52927	1.38126	4.52927	1.38126
0.855606	0.76207	0.855606	0.76207
5.75661	1.86778	5.75661	1.86778
-1.06171	5.29755	-1.06171	5.29755
1.62294	1.31411	1.62294	1.31411
4.39361	2.75892	4.39361	2.75892
-2.1196	-0.401081	-2.1196	-0.401081
6.65066	2.77417	6.65066	2.77417
3.88078	3.76501	3.88078	3.76501
0.37327	4.82895	0.37327	4.82895
5.51706	3.44925	5.51706	3.44925
1.12897	1.00363	1.12897	1.00363
3.26367	4.63282	3.26367	4.63282
-5.37245	-1.84684	-5.37245	-1.84684
2.6108	-2.52866	2.6108	-2.52866
2.86373	2.40745	2.86373	2.40745
5.53237	0.162705	5.53237	0.162705
3.47351	5.80623	3.47351	5.80623
1.79222	1.1965	1.79222	1.1965
1.90186	4.623	1.90186	4.623
2.57425	-3.00437	2.57425	-3.00437
1.6953	3.65838	1.6953	3.65838
0.906664	5.41657	0.906664	5.41657
3.76912	2.06501	3.76912	2.06501
-0.401707	5.91751	-0.401707	5.91751
4.40933	2.15006	4.40933	2.15006
5.12581	0.501481	5.12581	0.501481
4.65877	3.35284	4.65877	3.35284
3.55436	2.95141	3.55436	2.95141
-1.23338	1.93578	-1.23338	1.93578
2.64813	2.78703	2.64813	2.78703
0.654037	3.82534	0.654037	3.82534
1.21273	5.99137	1.21273	5.99137
5.20317	-4.46673	5.20317	-4.46673
4.94059	1.76142	4.94059	1.76142
4.00377	2.92903	4.00377	2.92903
2.80071	-3.23871	2.80071	-3.23871
1.18186	4.96748	1.18186	4.96748
5.14309	2.86858	5.14309	2.86858
-5.87562	0.633898	-5.87562	0.633898
3.16088	0.272209	3.16088	0.272209
-1.14034	0.29426	-1.14034	0.29426
0.0402002	5.50694	0.0402002	5.50694
0.893137	0.500717	0.893137	0.500717
-0.0407066	1.68743	-0.0407066	1.68743
4.51176	2.59511	4.51176	2.59511
4.08346	-2.65368	4.08346	-2.65368
3.60298	2.87832	3.60298	2.87832
1.7533	2.52716	1.7533	2.52716
3.43649	-1.48487	3.43649	-1.48487
2.48489	5.21327	2.48489	5.21327
4.94404	0.92763	4.94404	0.92763
3.2199	3.53316	3.2199	3.53316
2.97102	5.78482	2.97102	5.78482
3.25582	-1.51077	3.25582	-1.51077
0.93159	4.32171	0.93159	4.32171
3.76641	-3.78225	3.76641	-3.78225
0.0630655	1.96422	0.0630655	1.96422
-0.334176	4.36113	-0.334176	4.36113
1.93299	4.37024	1.93299	4.37024
4.98141	-0.0402808	4.98141	-0.0402808
4.58811	1.29004	4.58811	1.29004
5.36331	4.08032	5.36331	4.08032
-0.542795	0.707375	-0.542795	0.707375
-1.08456	-0.0192966	-1.08456	-0.0192966
4.89261	2.42313	4.89261	2.42313
-1.63805	4.17034	-1.63805	4.17034
2.39116	-1.96396	2.39116	-1.96396
4.0194	0.592591	4.0194	0.592591
3.68574	4.74546	3.68574	4.74546
5.02328	0.676074	5.02328	0.676074
5.21851	0.51415	5.21851	0.51415
0.409725	-1.25702	0.409725	-1.25702
2.81871	0.374658	2.81871	0.374658
1.03967	5.51778	1.03967	5.51778
2.13291	2.7195	2.13291	2.7195
5.24166	3.19887	5.24166	3.19887
-2.19457	3.68229	-2.19457	3.68229
-1.74082	-7.19796	-1.74082	-7.19796
-6.42064	-6.8498	-6.42064	-6.8498
3.29042	3.24399	3.29042	3.24399
4.4048	0.186436	4.4048	0.186436
2.02976	3.99034	2.02976	3.99034
2.26692	4.35056	2.26692	4.35056
2.85576	4.01978	2.85576	4.01978
1.6456	-0.28019	1.6456	-0.28019
4.24119	1.72984	4.24119	1.72984
1.06546	3.86232	1.06546	3.86232
2.36425	-0.68572	2.36425	-0.68572
1.47633	4.8207	1.47633	4.8207
1.47045	3.0818	1.47045	3.0818
2.53279	3.1317	2.53279	3.1317
4.65669	1.64624	4.65669	1.64624
0.848302	1.50241	0.848302	1.50241
0.815027	0.819598	0.815027	0.819598
4.41599	-2.39396	4.41599	-2.39396
2.90429	-0.589706	2.90429	-0.589706
2.26821	1.06195	2.26821	1.06195
2.94803	2.17595	2.94803	2.17595
4.45188	0.814732	4.45188	0.814732
-0.00961685	-0.326052	-0.00961685	-0.326052
4.16062	3.88211	4.16062	3.88211
-2.3073	-1.22963	-2.3073	-1.22963
4.51953	3.22919	4.51953	3.22919
6.78015	1.23452	6.78015	1.23452
3.41228	0.736075	3.41228	0.736075
2.96078	3.90915	2.96078	3.90915
-1.73472	-4.47562	-1.73472	-4.47562
0.911577	0.97035	0.911577	0.97035
-1.79367	0.203627	-1.79367	0.203627
2.9407	0.385632	2.9407	0.385632
5.112	-0.649333	5.112	-0.649333
-1.41199	-1.56652	-1.41199	-1.56652
5.23832	1.42949	5.23832	1.42949
0.797822	1.77928	0.797822	1.77928
4.20814	6.26526	4.20814	6.26526
6.76892	0.932131	6.76892	0.932131
4.39569	1.91068	4.39569	1.91068
2.54264	-0.475409	2.54264	-0.475409
2.65552	1.87002	2.65552	1.87002
0.225372	0.707456	0.225372	0.707456
1.82941	5.01907	1.82941	5.01907
3.44395	-3.31594	3.44395	-3.31594
3.61354	1.24445	3.61354	1.24445
1.41554	4.98346	1.41554	4.98346
-6.65385	-1.92884	-6.65385	-1.92884
5.20334	1.4274	5.20334	1.4274
1.40636	5.88838	1.40636	5.88838
3.78123	-3.09373	3.78123	-3.09373
3.9435	2.47073	3.9435	2.47073
-2.04873	-2.44853	-2.04873	-2.44853
5.33201	0.691653	5.33201	0.691653
0.0278573	4.17959	0.0278573	4.17959
3.88558	0.318056	3.88558	0.318056
2.80741	4.77655	2.80741	4.77655
3.80105	1.45185	3.80105	1.45185
4.60528	2.0548	4.60528	2.0548
4.737	-0.449438	4.737	-0.449438
4.32927	0.206477	4.32927	0.206477
-1.34655	-5.09595	-1.34655	-5.09595
6.56262	2.31146	6.56262	2.31146
2.69536	5.70191	2.69536	5.70191
-1.17775	2.25981	-1.17775	2.25981
4.08716	1.91799	4.08716	1.91799
1.96998	-1.20852	1.96998	-1.20852
1.01059	0.799282	1.01059	0.799282
5.15295	-0.386565	5.15295	-0.386565
0.607448	1.86103	0.607448	1.86103
2.57612	3.97698	2.57612	3.97698
4.36692	4.3151	4.36692	4.3151
3.45517	3.00627	3.45517	3.00627
1.26479	1.29437	1.26479	1.29437
3.99752	3.16036	3.99752	3.16036
1.87524	0.772393	1.87524	0.772393
5.88141	1.71916	5.88141	1.71916
4.95582	0.270684	4.95582	0.270684
3.34289	-0.358032	3.34289	-0.358032
2.72986	-2.15594	2.72986	-2.15594
5.34846	-1.21234	5.34846	-1.21234
4.7395	-1.38986	4.7395	-1.38986
1.76815	5.91705	1.76815	5.91705
4.65313	3.31894	4.65313	3.31894
1.41299	5.25896	1.41299	5.25896
6.13657	-0.996598	6.13657	-0.996598
5.58207	0.0321546	5.58207	0.0321546
3.93107	4.79779	3.93107	4.79779
2.83452	2.53739	2.83452	2.53739
2.36814	3.74049	2.36814	3.74049
3.53984	3.16813	3.53984	3.16813
1.79518	-1.03292	1.79518	-1.03292
4.28996	1.80283	4.28996	1.80283
6.1234	1.43177	6.1234	1.43177
-0.31832	2.54603	-0.31832	2.54603
0.364434	3.59268	0.364434	3.59268
-3.06261	-6.06805	-3.06261	-6.06805
5.3362	0.894018	5.3362	0.894018
1.9544	4.8084	1.9544	4.8084
-0.884456	-3.33445	-0.884456	-3.33445
1.80711	4.81856	1.80711	4.81856
-3.2631	0.0790029	-3.2631	0.0790029
2.78817	5.66324	2.78817	5.66324
5.97308	3.27936	5.97308	3.27936
-0.542518	0.548333	-0.542518	0.548333
-1.31394	1.66169	-1.31394	1.66169
2.05062	4.47358	2.05062	4.47358
1.86914	1.7155	1.86914	1.7155
3.56624	2.61141	3.56624	2.61141
4.53763	2.35282	4.53763	2.35282
4.09619	0.457362	4.09619	0.457362
1.66259	5.13669	1.66259	5.13669
2.56387	-2.96788	2.56387	-2.96788
4.03507	2.07992	4.03507	2.07992
2.59891	1.88496	2.59891	1.88496
2.68237	-0.474349	2.68237	-0.474349
3.4476	-2.33644	3.4476	-2.33644
5.60803	-2.98513	5.60803	-2.98513
4.33178	1.36009	4.33178	1.36009
1.37026	-2.01367	1.37026	-2.01367
1.23502	-0.583559	1.23502	-0.583559
-0.451125	-4.02274	-0.451125	-4.02274
4.9834	6.18425	4.9834	6.18425
3.15435	-4.19041	3.15435	-4.19041
-0.532268	4.32001	-0.532268	4.32001
2.81088	0.873231	2.81088	0.873231
-0.254501	5.36369	-0.254501	5.36369
4.71758	2.32735	4.71758	2.32735
3.31892	-2.02083	3.31892	-2.02083
-1.64988	4.48823	-1.64988	4.48823
-0.790427	4.34833	-0.790427	4.34833
2.75571	4.44962	2.75571	4.44962
5.55078	2.17547	5.55078	2.17547
5.32233	0.159905	5.32233	0.159905
4.22359	5.17395	4.22359	5.17395
-0.619435	-1.2265	-0.619435	-1.2265
5.4707	-0.788352	5.4707	-0.788352
3.21021	0.813509	3.21021	0.813509
1.76433	3.78836	1.76433	3.78836
4.03671	1.26456	4.03671	1.26456
1.24501	0.688395	1.24501	0.688395
1.75598	-1.78517	1.75598	-1.78517
3.90217	3.00709	3.90217	3.00709
-1.73259	-0.0393801	-1.73259	-0.0393801
4.05257	0.966218	4.05257	0.966218
1.10825	2.715	1.10825	2.715
0.317783	4.80451	0.317783	4.80451
2.33355	-0.353626	2.33355	-0.353626
5.02837	-2.42703	5.02837	-2.42703
-0.302051	5.55621	-0.302051	5.55621
4.30682	1.73524	4.30682	1.73524
2.56178	-0.823163	2.56178	-0.823163
1.17509	4.7677	1.17509	4.7677
4.31045	3.48299	4.31045	3.48299
0.853667	3.61204	0.853667	3.61204
0.121495	-6.23483	0.121495	-6.23483
2.0463	5.40524	2.0463	5.40524
3.45922	3.54213	3.45922	3.54213
3.09325	3.09713	3.09325	3.09713
2.55295	0.500866	2.55295	0.500866
4.947	-0.807271	4.947	-0.807271
2.6772	5.38358	2.6772	5.38358
4.08372	-1.17184	4.08372	-1.17184
3.77452	3.34736	3.77452	3.34736
4.18674	-1.33105	4.18674	-1.33105
3.73694	-1.69414	3.73694	-1.69414
1.18234	5.34958	1.18234	5.34958
3.74695	5.3013	3.74695	5.3013
4.88278	1.65365	4.88278	1.65365
-0.914403	1.56891	-0.914403	1.56891
4.63295	2.05812	4.63295	2.05812
3.12608	4.66205	3.12608	4.66205
0.179923	-1.96612	0.179923	-1.96612
2.27476	-3.82911	2.27476	-3.82911
1.27211	-4.6936	1.27211	-4.6936
3.31511	1.77531	3.31511	1.77531
3.46145	1.68798	3.46145	1.68798
0.340955	-5.75719	0.340955	-5.75719
3.44896	4.63191	3.44896	4.63191
3.90763	2.4747	3.90763	2.4747
-3.55257	2.84636	-3.55257	2.84636
4.60805	-3.43394	4.60805	-3.43394
2.28982	5.79509	2.28982	5.79509
0.882744	1.02896	0.882744	1.02896
4.91486	1.26976	4.91486	1.26976
1.27475	-4.19934	1.27475	-4.19934
-0.702204	4.40121	-0.702204	4.40121
1.37843	-0.57227	1.37843	-0.57227
5.58868	0.523272	5.58868	0.523272
-0.509172	-1.21239	-0.509172	-1.21239
2.4818	4.54514	2.4818	4.54514
2.64891	4.8559	2.64891	4.8559
4.96515	2.14657	4.96515	2.14657
3.9841	1.90415	3.9841	1.90415
4.78986	1.52671	4.78986	1.52671
4.91219	-1.08708	4.91219	-1.08708
4.12886	0.803706	4.12886	0.803706
4.76188	-0.763704	4.76188	-0.763704
4.92214	0.768898	4.92214	0.768898
2.1957	3.53874	2.1957	3.53874
6.82797	-1.74204	6.82797	-1.74204
2.01875	-0.441365	2.01875	-0.441365
0.686648	-1.27349	0.686648	-1.27349
1.1181	3.39979	1.1181	3.39979
3.17011	3.4126	3.17011	3.4126
5.33577	0.318381	5.33577	0.318381
1.65128	-3.50293	1.65128	-3.50293
3.13227	3.89075	3.13227	3.89075
4.1324	2.53272	4.1324	2.53272
2.37825	1.28428	2.37825	1.28428
5.73635	2.45357	5.73635	2.45357
4.16717	4.00285	4.16717	4.00285
4.31292	1.85045	4.31292	1.85045
4.17895	-1.84097	4.17895	-1.84097
2.82258	-1.35338	2.82258	-1.35338
4.58687	3.24156	4.58687	3.24156
2.33596	4.25108	2.33596	4.25108
4.25636	1.52772	4.25636	1.52772
1.80634	4.42379	1.80634	4.42379
3.45618	-1.35631	3.45618	-1.35631
5.1187	2.11204	5.1187	2.11204
4.73692	0.640321	4.73692	0.640321
2.52731	-0.648453	2.52731	-0.648453
6.71318	2.39999	6.71318	2.39999
4.34534	2.6186	4.34534	2.6186
-0.922519	-1.37818	-0.922519	-1.37818
2.91043	4.07428	2.91043	4.07428
-1.17387	-0.856694	-1.17387	-0.856694
-1.37913	1.05357	-1.37913	1.05357
1.04908	-5.73112	1.04908	-5.73112
1.57612	3.84022	1.57612	3.84022
3.51833	1.46241	3.51833	1.46241
6.40365	-0.877656	6.40365	-0.877656
2.11927	1.72914	2.11927	1.72914
1.82161	4.59493	1.82161	4.59493
3.78439	3.16393	3.78439	3.16393
-0.339951	3.1708	-0.339951	3.1708
2.53391	-5.108	2.53391	-5.108
4.25985	0.299272	4.25985	0.299272
4.23331	-1.29707	4.23331	-1.29707
-3.1004	5.6326	-3.1004	5.6326
0.712305	-0.662541	0.712305	-0.662541
4.03324	2.19518	4.03324	2.19518
4.59578	3.14584	4.59578	3.14584
-0.0481467	-6.50659	-0.0481467	-6.50659
3.10734	2.64592	3.10734	2.64592
1.12888	-1.58754	1.12888	-1.58754
2.8287	5.70772	2.8287	5.70772
3.62739	3.84727	3.62739	3.84727
2.70057	-2.87302	2.70057	-2.87302
4.47942	2.39972	4.47942	2.39972
2.84168	1.05936	2.84168	1.05936
4.01024	-0.863368	4.01024	-0.863368
3.92164	2.25878	3.92164	2.25878
2.47532	4.28238	2.47532	4.28238
4.47939	2.63963	4.47939	2.63963
2.86496	0.90691	2.86496	0.90691
4.41381	2.26199	4.41381	2.26199
2.77193	0.567863	2.77193	0.567863
4.37354	3.37569	4.37354	3.37569
1.51101	-1.91635	1.51101	-1.91635
1.62022	1.77425	1.62022	1.77425
-1.95341	2.62894	-1.95341	2.62894
5.46665	-0.928619	5.46665	-0.928619
7.17689	0.00405121	7.17689	0.00405121
1.35872	-0.373656	1.35872	-0.373656
2.5222	4.88127	2.5222	4.88127
0.254709	5.79667	0.254709	5.79667
-1.58734	4.85417	-1.58734	4.85417
3.16435	3.42326	3.16435	3.42326
2.61034	4.44424	2.61034	4.44424
1.99184	-1.51183	1.99184	-1.51183
-0.110157	4.13776	-0.110157	4.13776
4.92089	1.97904	4.92089	1.97904
-1.50595	-6.96714	-1.50595	-6.96714
3.7513	0.815137	3.7513	0.815137
-0.484954	-2.49297	-0.484954	-2.49297
-0.370481	6.11905	-0.370481	6.11905
3.5763	1.07412	3.5763	1.07412
3.65694	4.382	3.65694	4.382
-0.276931	0.200119	-0.276931	0.200119
5.41188	0.0238498	5.41188	0.0238498
2.46804	-0.531717	2.46804	-0.531717
1.42767	-3.28716	1.42767	-3.28716
-0.42872	2.39725	-0.42872	2.39725
3.24103	2.35247	3.24103	2.35247
4.89379	3.50656	4.89379	3.50656
2.05091	-1.41743	2.05091	-1.41743
3.19734	3.38734	3.19734	3.38734
4.02136	0.923937	4.02136	0.923937
1.17387	3.06474	1.17387	3.06474
3.49734	1.67269	3.49734	1.67269
-1.34803	6.07213	-1.34803	6.07213
2.39099	4.90255	2.39099	4.90255
1.90066	3.41688	1.90066	3.41688
2.15831	-1.96715	2.15831	-1.96715
-1.02932	0.751024	-1.02932	0.751024
2.7418	5.99796	2.7418	5.99796
4.36257	2.96223	4.36257	2.96223
3.77349	-1.0291	3.77349	-1.0291
5.10206	-1.73971	5.10206	-1.73971
2.02915	3.35881	2.02915	3.35881
-0.43785	2.72904	-0.43785	2.72904
4.09481	4.89703	4.09481	4.89703
-1.29801	0.999489	-1.29801	0.999489
3.33937	3.49027	3.33937	3.49027
2.57794	-1.54359	2.57794	-1.54359
1.0329	-2.17804	1.0329	-2.17804
1.11322	-2.6381	1.11322	-2.6381
-2.51626	6.18561	-2.51626	6.18561
-2.30744	-3.34413	-2.30744	-3.34413
4.44037	4.25529	4.44037	4.25529
1.06975	-0.490759	1.06975	-0.490759
1.16665	1.11594	1.16665	1.11594
1.9894	-4.72711	1.9894	-4.72711
5.6798	-1.50889	5.6798	-1.50889
2.38755	4.4481	2.38755	4.4481
0.159386	0.626787	0.159386	0.626787
4.16744	-1.8637	4.16744	-1.8637
3.61196	1.95497	3.61196	1.95497
-0.663665	3.10626	-0.663665	3.10626
2.4787	2.79391	2.4787	2.79391
3.02091	6.38647	3.02091	6.38647
3.36005	5.98648	3.36005	5.98648
2.57166	5.19883	2.57166	5.19883
2.5353	4.9566	2.5353	4.9566
1.57978	4.90547	1.57978	4.90547
-2.25865	-6.36241	-2.25865	-6.36241
4.49851	4.23353	4.49851	4.23353
3.63748	-1.73998	3.63748	-1.73998
1.64724	4.83936	1.64724	4.83936
4.76174	3.35186	4.76174	3.35186
4.27896	3.13432	4.27896	3.13432
-4.35012	4.00909	-4.35012	4.00909
3.62473	-2.55403	3.62473	-2.55403
5.41871	0.839586	5.41871	0.839586
6.40123	2.08157	6.40123	2.08157
1.99047	-0.162055	1.99047	-0.162055
3.33255	-4.72169	3.33255	-4.72169
4.96097	-0.284616	4.96097	-0.284616
1.00131	0.225681	1.00131	0.225681
4.20937	2.38992	4.20937	2.38992
4.43146	3.14316	4.43146	3.14316
2.87417	3.82567	2.87417	3.82567
5.83695	2.41028	5.83695	2.41028
3.59166	0.292826	3.59166	0.292826
2.83795	4.64658	2.83795	4.64658
3.49541	1.831	3.49541	1.831
2.42275	-3.89643	2.42275	-3.89643
2.6062	-0.321015	2.6062	-0.321015
-1.4474	5.59864	-1.4474	5.59864
3.10435	-0.993113	3.10435	-0.993113
2.09711	0.048142	2.09711	0.048142
2.4776	2.90704	2.4776	2.90704
5.22431	3.38027	5.22431	3.38027
-2.10235	5.2645	-2.10235	5.2645
3.27143	0.0782728	3.27143	0.0782728
1.07461	5.21828	1.07461	5.21828
2.14913	0.43196	2.14913	0.43196
2.66626	-0.0996771	2.66626	-0.0996771
0.750023	3.25254	0.750023	3.25254
4.20831	1.72024	4.20831	1.72024
-0.957295	-4.97614	-0.957295	-4.97614
3.05736	4.4359	3.05736	4.4359
2.2764	-1.96129	2.2764	-1.96129
-0.319998	-6.50979	-0.319998	-6.50979
2.74676	-3.07936	2.74676	-3.07936
1.89606	-5.45447	1.89606	-5.45447
2.97741	-1.29713	2.97741	-1.29713
3.69855	2.80401	3.69855	2.80401
-2.88312	3.68875	-2.88312	3.68875
-0.427192	-3.08725	-0.427192	-3.08725
1.32091	4.88437	1.32091	4.88437
2.03658	-0.575047	2.03658	-0.575047
2.20457	5.92229	2.20457	5.92229
1.47936	2.12962	1.47936	2.12962
1.19053	3.77954	1.19053	3.77954
0.145806	-0.795738	0.145806	-0.795738
4.09385	2.11067	4.09385	2.11067
1.38235	6.66113	1.38235	6.66113
3.85769	1.02412	3.85769	1.02412
1.94347	4.99209	1.94347	4.99209
5.45347	0.571362	5.45347	0.571362
-1.28997	2.32273	-1.28997	2.32273
4.16327	1.16986	4.16327	1.16986
3.27818	-1.60768	3.27818	-1.60768
2.0042	0.185706	2.0042	0.185706
2.72304	4.92982	2.72304	4.92982
2.35256	2.14141	2.35256	2.14141
1.83341	2.1366	1.83341	2.1366
1.06224	2.25498	1.06224	2.25498
2.67585	-2.19903	2.67585	-2.19903
0.846609	5.11661	0.846609	5.11661
1.5881	5.05255	1.5881	5.05255
3.52394	3.52947	3.52394	3.52947
3.41021	2.21918	3.41021	2.21918
7.11898	2.03564	7.11898	2.03564
0.155032	3.84344	0.155032	3.84344
-4.67748	-2.97187	-4.67748	-2.97187
4.04942	-3.58249	4.04942	-3.58249
3.75827	2.84066	3.75827	2.84066
0.973742	-0.973017	0.973742	-0.973017
4.73678	3.5302	4.73678	3.5302
0.494392	2.93797	0.494392	2.93797
4.03796	0.0611134	4.03796	0.0611134
4.91213	0.94907	4.91213	0.94907
3.54939	3.21869	3.54939	3.21869
3.48554	1.77991	3.48554	1.77991
2.70897	6.82844	2.70897	6.82844
-0.325373	0.542801	-0.325373	0.542801
0.289132	-2.55026	0.289132	-2.55026
4.90491	-3.1489	4.90491	-3.1489
1.98414	-4.77103	1.98414	-4.77103
1.37668	-4.64864	1.37668	-4.64864
1.68211	-1.84846	1.68211	-1.84846
3.25079	4.33554	3.25079	4.33554
4.92967	0.117467	4.92967	0.117467
4.55564	4.42814	4.55564	4.42814
1.78237	5.6127	1.78237	5.6127
2.73798	-3.57868	2.73798	-3.57868
4.98513	2.41362	4.98513	2.41362
-3.6946	-4.08725	-3.6946	-4.08725
2.15058	-1.63626	2.15058	-1.63626
3.50525	-4.11874	3.50525	-4.11874
5.85293	-0.322798	5.85293	-0.322798
4.72381	-2.31418	4.72381	-2.31418
3.53265	3.29923	3.53265	3.29923
4.24364	-1.02849	4.24364	-1.02849
1.81661	-1.95654	1.81661	-1.95654
3.16404	-0.755637	3.16404	-0.755637
-0.749838	5.76049	-0.749838	5.76049
6.63183	2.90622	6.63183	2.90622
0.437682	6.8061	0.437682	6.8061
1.9301	0.763869	1.9301	0.763869
1.88844	1.36015	1.88844	1.36015
-2.92794	-1.46349	-2.92794	-1.46349
2.36494	-0.0785251	2.36494	-0.0785251
2.45971	-1.1533	2.45971	-1.1533
6.21983	2.10314	6.21983	2.10314
4.39037	-1.42425	4.39037	-1.42425
1.54518	-0.522513	1.54518	-0.522513
4.06133	3.51001	4.06133	3.51001
2.95066	-0.514942	2.95066	-0.514942
3.54008	2.81242	3.54008	2.81242
7.09608	-2.67928	7.09608	-2.67928
1.43154	-0.987524	1.43154	-0.987524
4.47565	1.51424	4.47565	1.51424
2.67446	-3.45012	2.67446	-3.45012
0.884269	3.06184	0.884269	3.06184
0.681104	-1.81255	0.681104	-1.81255
5.40167	-0.767746	5.40167	-0.767746
6.89995	0.658542	6.89995	0.658542
5.7592	2.7967	5.7592	2.7967
4.65178	1.7473	4.65178	1.7473
0.324051	4.95551	0.324051	4.95551
2.3158	2.70463	2.3158	2.70463
-0.945742	-0.898821	-0.945742	-0.898821
2.02208	-3.12909	2.02208	-3.12909
3.71066	3.63098	3.71066	3.63098
-4.93359	-0.224872	-4.93359	-0.224872
6.69442	1.07402	6.69442	1.07402
2.88348	0.148577	2.88348	0.148577
5.98529	2.15954	5.98529	2.15954
4.16483	1.55452	4.16483	1.55452
6.84105	1.93958	6.84105	1.93958
3.14726	0.694632	3.14726	0.694632
2.01666	4.84734	2.01666	4.84734
4.59525	1.14948	4.59525	1.14948
-0.979183	3.62077	-0.979183	3.62077
3.52935	2.27519	3.52935	2.27519
1.73956	6.41789	1.73956	6.41789
7.48608	-0.163834	7.48608	-0.163834
4.2008	3.73854	4.2008	3.73854
0.856493	4.97571	0.856493	4.97571
4.0385	-4.32305	4.0385	-4.32305
-0.5049	-1.07763	-0.5049	-1.07763
4.08587	-0.38179	4.08587	-0.38179
1.49082	1.31321	1.49082	1.31321
4.48051	1.62505	4.48051	1.62505
3.04103	6.62335	3.04103	6.62335
5.11562	1.91873	5.11562	1.91873
-0.171137	4.11921	-0.171137	4.11921
-2.13871	-1.22294	-2.13871	-1.22294
3.05939	-1.64512	3.05939	-1.64512
3.74161	1.27131	3.74161	1.27131
5.35964	3.78657	5.35964	3.78657
-1.61948	0.468214	-1.61948	0.468214
2.0264	0.440866	2.0264	0.440866
0.244138	0.0871396	0.244138	0.0871396
3.56497	1.29681	3.56497	1.29681
4.54229	-2.96287	4.54229	-2.96287
7.85777	-0.395625	7.85777	-0.395625
2.89591	-3.21682	2.89591	-3.21682
3.50823	2.2218	3.50823	2.2218
2.06391	1.0229	2.06391	1.0229
1.18503	-0.322135	1.18503	-0.322135
5.14417	-3.34212	5.14417	-3.34212
0.360578	1.77652	0.360578	1.77652
1.81526	1.85374	1.81526	1.85374
1.57057	4.12793	1.57057	4.12793
5.24417	1.15495	5.24417	1.15495
4.58532	1.17425	4.58532	1.17425
3.33916	1.09563	3.33916	1.09563
4.16941	-3.32697	4.16941	-3.32697
3.42833	0.876204	3.42833	0.876204
3.34414	-0.280088	3.34414	-0.280088
-2.02793	0.129161	-2.02793	0.129161
6.05081	-2.46678	6.05081	-2.46678
3.33973	3.19557	3.33973	3.19557
2.58185	-1.84099	2.58185	-1.84099
-1.52849	6.59175	-1.52849	6.59175
-3.8718	2.32486	-3.8718	2.32486
2.76094	4.20773	2.76094	4.20773
-1.34314	-3.26796	-1.34314	-3.26796
-1.11976	2.28562	-1.11976	2.28562
1.87563	5.34914	1.87563	5.34914
5.09358	3.88055	5.09358	3.88055
3.93652	-4.46011	3.93652	-4.46011
4.35249	-2.77885	4.35249	-2.77885
-2.12878	-2.62904	-2.12878	-2.62904
3.40955	-2.30736	3.40955	-2.30736
-0.57479	-2.36019	-0.57479	-2.36019
0.00747108	-2.47656	0.00747108	-2.47656
3.31671	3.7985	3.31671	3.7985
2.15508	1.40484	2.15508	1.40484
0.422487	-6.02453	0.422487	-6.02453
0.104469	-6.51454	0.104469	-6.51454
5.32441	2.0834	5.32441	2.0834
0.998965	-2.89022	0.998965	-2.89022
5.01173	0.718394	5.01173	0.718394
5.56517	-0.926749	5.56517	-0.926749
1.64451	2.66775	1.64451	2.66775
3.49491	3.11308	3.49491	3.11308
4.07491	3.98385	4.07491	3.98385
2.1228	-1.25107	2.1228	-1.25107
1.16658	4.40853	1.16658	4.40853
6.04735	4.18928	6.04735	4.18928
5.2529	3.31951	5.2529	3.31951
-3.68376	5.22062	-3.68376	5.22062
2.63125	2.47593	2.63125	2.47593
1.06859	-2.01022	1.06859	-2.01022
4.59325	1.60624	4.59325	1.60624
3.07991	1.92895	3.07991	1.92895
0.350917	4.36524	0.350917	4.36524
-1.4109	-1.79305	-1.4109	-1.79305
4.47213	-1.95598	4.47213	-1.95598
2.38854	-1.08481	2.38854	-1.08481
1.27225	-0.40443	1.27225	-0.40443
2.42735	2.5623	2.42735	2.5623
3.71349	3.84475	3.71349	3.84475
3.04678	3.99478	3.04678	3.99478
-0.803714	5.13908	-0.803714	5.13908
3.73277	-0.354434	3.73277	-0.354434
4.72232	-1.74636	4.72232	-1.74636
3.77208	2.72612	3.77208	2.72612
2.40367	4.23295	2.40367	4.23295
-1.37077	2.40207	-1.37077	2.40207
2.56073	-4.47101	2.56073	-4.47101
-3.96108	-6.06223	-3.96108	-6.06223
1.61813	4.52282	1.61813	4.52282
-0.150287	2.69135	-0.150287	2.69135
6.82213	-2.13785	6.82213	-2.13785
1.50979	3.11491	1.50979	3.11491
3.55232	-3.82638	3.55232	-3.82638
1.80983	-0.958788	1.80983	-0.958788
2.63244	2.35372	2.63244	2.35372
-0.202677	4.15015	-0.202677	4.15015
1.74973	1.27984	1.74973	1.27984
5.55371	-1.03155	5.55371	-1.03155
3.98478	1.80277	3.98478	1.80277
2.53523	-5.94541	2.53523	-5.94541
-1.55312	4.77407	-1.55312	4.77407
2.70053	0.346875	2.70053	0.346875
4.65343	0.499942	4.65343	0.499942
1.40153	-5.88916	1.40153	-5.88916
1.68506	4.37959	1.68506	4.37959
3.31669	5.51469	3.31669	5.51469
1.73828	-2.52834	1.73828	-2.52834
3.71487	-2.94828	3.71487	-2.94828
1.24592	5.30807	1.24592	5.30807
3.63999	4.24977	3.63999	4.24977
1.26224	-2.90706	1.26224	-2.90706
3.14386	2.13011	3.14386	2.13011
-0.632247	2.78122	-0.632247	2.78122
1.19479	1.31799	1.19479	1.31799
4.58455	3.25022	4.58455	3.25022
6.22635	-1.70133	6.22635	-1.70133
3.28176	3.45799	3.28176	3.45799
-2.74934	2.25884	-2.74934	2.25884
3.81103	1.40247	3.81103	1.40247
3.9103	3.20757	3.9103	3.20757
5.69643	5.43119	5.69643	5.43119
4.63353	-0.901086	4.63353	-0.901086
2.14321	-1.27586	2.14321	-1.27586
-2.67223	-6.45039	-2.67223	-6.45039
3.83795	-0.94169	3.83795	-0.94169
-0.648496	-3.95899	-0.648496	-3.95899
1.03261	3.92649	1.03261	3.92649
2.75745	-2.50352	2.75745	-2.50352
5.65346	1.71663	5.65346	1.71663
3.58461	1.22154	3.58461	1.22154
-0.252326	1.04581	-0.252326	1.04581
2.93836	3.64063	2.93836	3.64063
1.92574	5.37565	1.92574	5.37565
4.20427	-1.03569	4.20427	-1.03569
2.43328	2.92832	2.43328	2.92832
4.71688	2.24559	4.71688	2.24559
2.45808	4.61716	2.45808	4.61716
3.53484	3.72287	3.53484	3.72287
1.42898	0.340845	1.42898	0.340845
-1.3429	2.17092	-1.3429	2.17092
5.09113	-0.325955	5.09113	-0.325955
-1.29504	0.315889	-1.29504	0.315889
1.86526	6.29742	1.86526	6.29742
6.24629	0.729949	6.24629	0.729949
7.29361	2.60915	7.29361	2.60915
5.25191	2.82083	5.25191	2.82083
1.2008	0.300247	1.2008	0.300247
1.31661	1.2889	1.31661	1.2889
1.8872	4.68399	1.8872	4.68399
1.99619	4.75093	1.99619	4.75093
3.8436	-1.60271	3.8436	-1.60271
4.61651	-1.53549	4.61651	-1.53549
5.05116	-1.94134	5.05116	-1.94134
2.82693	-3.83636	2.82693	-3.83636
4.53982	3.64978	4.53982	3.64978
4.28295	1.46002	4.28295	1.46002
5.06462	1.48918	5.06462	1.48918
4.94214	-2.78275	4.94214	-2.78275
-1.10976	5.26047	-1.10976	5.26047
-2.29944	2.9937	-2.29944	2.9937
1.04342	3.04398	1.04342	3.04398
4.39863	4.78565	4.39863	4.78565
4.4292	-0.0959182	4.4292	-0.0959182
2.31589	1.63139	2.31589	1.63139
0.0563316	6.61577	0.0563316	6.61577
1.5877	-1.13792	1.5877	-1.13792
6.04368	6.32518	6.04368	6.32518
3.63198	3.87103	3.63198	3.87103
-5.05942	4.17827	-5.05942	4.17827
3.74877	3.28663	3.74877	3.28663
2.76063	4.36166	2.76063	4.36166
1.15662	3.37425	1.15662	3.37425
5.43171	0.261911	5.43171	0.261911
0.224457	-1.98933	0.224457	-1.98933
4.92061	2.95251	4.92061	2.95251
-0.809572	2.47826	-0.809572	2.47826
3.90376	-3.83792	3.90376	-3.83792
-0.523142	6.13781	-0.523142	6.13781
5.6752	1.90535	5.6752	1.90535
-5.78174	4.66975	-5.78174	4.66975
0.621933	-6.57723	0.621933	-6.57723
1.51758	1.58184	1.51758	1.58184
0.148241	3.65635	0.148241	3.65635
4.96215	2.65188	4.96215	2.65188
-0.865507	-1.61308	-0.865507	-1.61308
2.70888	-4.74568	2.70888	-4.74568
4.41252	0.180192	4.41252	0.180192
2.83123	4.75931	2.83123	4.75931
3.80476	2.58969	3.80476	2.58969
4.79454	2.07308	4.79454	2.07308
-0.722109	-1.35305	-0.722109	-1.35305
0.183638	4.76133	0.183638	4.76133
1.16735	6.27421	1.16735	6.27421
2.2232	-0.209104	2.2232	-0.209104
4.57018	1.87926	4.57018	1.87926
4.41238	-0.489908	4.41238	-0.489908
5.12649	2.90211	5.12649	2.90211
1.18291	-2.55724	1.18291	-2.55724
5.55479	0.907961	5.55479	0.907961
5.14331	5.85535	5.14331	5.85535
4.42068	0.655891	4.42068	0.655891
3.98224	-1.52282	3.98224	-1.52282
-0.760138	4.98495	-0.760138	4.98495
4.7656	-1.0508	4.7656	-1.0508
2.6139	-1.56963	2.6139	-1.56963
5.41134	1.02689	5.41134	1.02689
-0.334155	1.94518	-0.334155	1.94518
1.90615	4.28056	1.90615	4.28056
1.28194	3.98825	1.28194	3.98825
1.40308	-3.6867	1.40308	-3.6867
2.71117	3.85686	2.71117	3.85686
4.91665	2.25559	4.91665	2.25559
1.67977	0.77599	1.67977	0.77599
3.48049	4.08393	3.48049	4.08393
0.661623	3.54087	0.661623	3.54087
5.95458	1.72199	5.95458	1.72199
0.690374	6.05279	0.690374	6.05279
-0.566231	7.41768	-0.566231	7.41768
3.19129	6.11009	3.19129	6.11009
-5.01017	-1.06305	-5.01017	-1.06305
2.37664	6.08273	2.37664	6.08273
0.888654	-1.15447	0.888654	-1.15447
4.92737	0.986379	4.92737	0.986379
4.47883	-2.14273	4.47883	-2.14273
-0.00971174	3.59576	-0.00971174	3.59576
-0.179852	1.94206	-0.179852	1.94206
5.84949	1.64206	5.84949	1.64206
4.99781	-1.77831	4.99781	-1.77831
4.75416	-0.228386	4.75416	-0.228386
0.91849	2.18259	0.91849	2.18259
5.05388	-0.185517	5.05388	-0.185517
6.59818	1.45102	6.59818	1.45102
1.75679	0.0459771	1.75679	0.0459771
6.2633	0.947194	6.2633	0.947194
0.936952	-3.03833	0.936952	-3.03833
3.54583	3.62002	3.54583	3.62002
0.925515	-1.10915	0.925515	-1.10915
1.24452	2.35409	1.24452	2.35409
0.595752	-5.72255	0.595752	-5.72255
1.16947	1.16327	1.16947	1.16327
4.42152	-1.2946	4.42152	-1.2946
4.58671	-3.56908	4.58671	-3.56908
5.38581	-0.755013	5.38581	-0.755013
3.75412	3.43672	3.75412	3.43672
2.95304	-2.68205	2.95304	-2.68205
3.75423	-1.01153	3.75423	-1.01153
1.51199	2.7539	1.51199	2.7539
4.96157	-0.490358	4.96157	-0.490358
0.756621	3.86165	0.756621	3.86165
4.86824	0.723898	4.86824	0.723898
3.0027	1.41639	3.0027	1.41639
3.3293	0.170977	3.3293	0.170977
4.56338	0.749047	4.56338	0.749047
5.03031	0.594947	5.03031	0.594947
2.16051	0.472812	2.16051	0.472812
2.56602	-0.600096	2.56602	-0.600096
4.2517	-1.02254	4.2517	-1.02254
0.769931	3.66823	0.769931	3.66823
1.54663	1.52008	1.54663	1.52008
3.50337	-2.153	3.50337	-2.153
-0.936127	5.98463	-0.936127	5.98463
1.88907	4.33047	1.88907	4.33047
1.88734	4.98593	1.88734	4.98593
5.00695	0.53955	5.00695	0.53955
6.57903	0.451078	6.57903	0.451078
-1.39082	-7.33306	-1.39082	-7.33306
-0.556667	5.98299	-0.556667	5.98299
-2.17449	4.52521	-2.17449	4.52521
1.16768	3.7507	1.16768	3.7507
6.26911	-0.789441	6.26911	-0.789441
6.24347	1.84428	6.24347	1.84428
4.64124	-0.0458663	4.64124	-0.0458663
1.08329	5.2741	1.08329	5.2741
2.76416	-1.30176	2.76416	-1.30176
3.68898	4.45039	3.68898	4.45039
4.22154	-1.09412	4.22154	-1.09412
2.19052	5.7408	2.19052	5.7408
2.69382	4.31323	2.69382	4.31323
3.94893	4.56854	3.94893	4.56854
3.67381	-0.463912	3.67381	-0.463912
6.33093	2.27791	6.33093	2.27791
-1.65112	-4.32101	-1.65112	-4.32101
2.91893	3.67257	2.91893	3.67257
2.3108	7.16728	2.3108	7.16728
2.43596	3.92376	2.43596	3.92376
2.58531	-4.55256	2.58531	-4.55256
3.2968	4.13397	3.2968	4.13397
4.04654	3.65947	4.04654	3.65947
3.20262	4.94643	3.20262	4.94643
5.81489	-1.40073	5.81489	-1.40073
4.21369	1.71861	4.21369	1.71861
6.30442	-0.0943363	6.30442	-0.0943363
4.23163	0.894837	4.23163	0.894837
-1.01714	4.62133	-1.01714	4.62133
6.0982	3.55239	6.0982	3.55239
2.21303	4.26246	2.21303	4.26246
-1.5911	-1.21833	-1.5911	-1.21833
0.823475	1.8401	0.823475	1.8401
2.59064	3.27388	2.59064	3.27388
4.73199	0.260156	4.73199	0.260156
3.55529	-1.65964	3.55529	-1.65964
3.59069	-1.7107	3.59069	-1.7107
4.68641	2.75141	4.68641	2.75141
-0.986638	5.60412	-0.986638	5.60412
4.91158	4.76482	4.91158	4.76482
0.941622	1.48217	0.941622	1.48217
3.99154	2.42945	3.99154	2.42945
3.66861	3.87251	3.66861	3.87251
3.33115	0.916189	3.33115	0.916189
2.66791	4.67681	2.66791	4.67681
2.20546	4.5367	2.20546	4.5367
3.74332	-2.45511	3.74332	-2.45511
3.24098	-2.68149	3.24098	-2.68149
4.37927	3.00942	4.37927	3.00942
2.15734	-1.53652	2.15734	-1.53652
5.03443	4.21956	5.03443	4.21956
4.93122	2.41038	4.93122	2.41038
4.28429	5.65869	4.28429	5.65869
0.823244	-0.539275	0.823244	-0.539275
0.371841	5.9366	0.371841	5.9366
1.25329	-3.01584	1.25329	-3.01584
5.10522	-0.173485	5.10522	-0.173485
4.00125	1.7999	4.00125	1.7999
4.56861	0.393998	4.56861	0.393998
-2.27187	-2.4378	-2.27187	-2.4378
3.83744	2.34818	3.83744	2.34818
6.81916	2.36321	6.81916	2.36321
3.55225	3.38169	3.55225	3.38169
2.61681	-0.013401	2.61681	-0.013401
3.85272	-1.12344	3.85272	-1.12344
-0.9661	4.14365	-0.9661	4.14365
1.27842	1.96996	1.27842	1.96996
4.67559	3.6371	4.67559	3.6371
4.60232	1.19208	4.60232	1.19208
4.13811	-5.1536	4.13811	-5.1536
5.26957	1.45795	5.26957	1.45795
4.68913	2.32232	4.68913	2.32232
4.28501	1.72192	4.28501	1.72192
3.22275	4.78169	3.22275	4.78169
2.88352	-0.226496	2.88352	-0.226496
3.18669	-0.466736	3.18669	-0.466736
0.788415	-2.51912	0.788415	-2.51912
4.89201	1.60132	4.89201	1.60132
0.307992	4.28461	0.307992	4.28461
-0.481344	-5.47928	-0.481344	-5.47928
4.63403	-1.78809	4.63403	-1.78809
1.9784	6.4079	1.9784	6.4079
3.89443	2.72517	3.89443	2.72517
3.1399	-1.19473	3.1399	-1.19473
1.88686	5.19602	1.88686	5.19602
0.698398	4.31689	0.698398	4.31689
5.99786	1.87802	5.99786	1.87802
4.65468	-0.777485	4.65468	-0.777485
4.57491	0.723379	4.57491	0.723379
4.37961	1.63242	4.37961	1.63242
2.70591	5.43962	2.70591	5.43962
3.10701	6.73815	3.10701	6.73815
1.51598	-1.73557	1.51598	-1.73557
3.89647	1.89995	3.89647	1.89995
2.72759	-0.182644	2.72759	-0.182644
6.98687	-0.787111	6.98687	-0.787111
0.328085	1.64747	0.328085	1.64747
-0.425475	-4.97746	-0.425475	-4.97746
0.73134	5.25822	0.73134	5.25822
-0.354289	-2.76686	-0.354289	-2.76686
4.45986	1.27719	4.45986	1.27719
1.22324	-2.4555	1.22324	-2.4555
4.31899	1.84099	4.31899	1.84099
2.85754	-0.916316	2.85754	-0.916316
4.27712	3.81146	4.27712	3.81146
0.117034	-0.201055	0.117034	-0.201055
4.82206	-1.88511	4.82206	-1.88511
3.04404	2.2539	3.04404	2.2539
5.05569	0.782623	5.05569	0.782623
2.89244	3.26446	2.89244	3.26446
2.78428	2.31482	2.78428	2.31482
3.57708	2.9539	3.57708	2.9539
3.64973	4.75359	3.64973	4.75359
3.29749	-0.0752306	3.29749	-0.0752306
0.462994	4.90169	0.462994	4.90169
5.13402	2.10812	5.13402	2.10812
2.96394	-1.95993	2.96394	-1.95993
0.80769	-0.651567	0.80769	-0.651567
-5.61913	-4.98901	-5.61913	-4.98901
4.01923	1.6751	4.01923	1.6751
-0.750147	3.24848	-0.750147	3.24848
4.68698	0.400908	4.68698	0.400908
-0.173267	6.10514	-0.173267	6.10514
0.18744	5.08432	0.18744	5.08432
3.09856	0.404648	3.09856	0.404648
5.34345	5.6332	5.34345	5.6332
0.983989	-1.81902	0.983989	-1.81902
2.89333	-1.08811	2.89333	-1.08811
-0.885498	3.97595	-0.885498	3.97595
2.20131	4.84746	2.20131	4.84746
0.346213	-1.13236	0.346213	-1.13236
1.29149	-1.97992	1.29149	-1.97992
2.28548	1.56156	2.28548	1.56156
3.98812	4.18148	3.98812	4.18148
3.54167	0.192659	3.54167	0.192659
2.10705	7.48738	2.10705	7.48738
0.333673	-1.29204	0.333673	-1.29204
1.46759	4.7551	1.46759	4.7551
2.98896	5.44391	2.98896	5.44391
1.67766	-5.48793	1.67766	-5.48793
3.78131	3.59374	3.78131	3.59374
3.07383	4.24354	3.07383	4.24354
4.07219	0.704242	4.07219	0.704242
1.97849	0.249296	1.97849	0.249296
-1.32632	-5.95994	-1.32632	-5.95994
6.07994	-0.452583	6.07994	-0.452583
0.484304	1.47544	0.484304	1.47544
3.31253	-1.47553	3.31253	-1.47553
2.59977	4.1176	2.59977	4.1176
3.56168	-2.68788	3.56168	-2.68788
3.59578	0.393926	3.59578	0.393926
0.192199	4.95241	0.192199	4.95241
6.48157	1.27883	6.48157	1.27883
4.82519	2.18819	4.82519	2.18819
3.78178	-1.17187	3.78178	-1.17187
-3.96645	1.05727	-3.96645	1.05727
3.19024	4.16266	3.19024	4.16266
4.45065	4.55644	4.45065	4.55644
4.81619	2.60004	4.81619	2.60004
5.21509	-0.012826	5.21509	-0.012826
0.976171	4.08858	0.976171	4.08858
2.874	4.26585	2.874	4.26585
0.7234	-2.54247	0.7234	-2.54247
2.54082	-3.09974	2.54082	-3.09974
4.49986	3.30598	4.49986	3.30598
3.35156	2.74601	3.35156	2.74601
4.86618	-0.610229	4.86618	-0.610229
2.01963	5.18984	2.01963	5.18984
6.37585	2.90702	6.37585	2.90702
-0.28647	5.39814	-0.28647	5.39814
1.22056	5.66736	1.22056	5.66736
0.452072	6.16705	0.452072	6.16705
2.74127	4.80548	2.74127	4.80548
-3.77434	-5.05419	-3.77434	-5.05419
1.12996	1.68977	1.12996	1.68977
4.17476	1.66816	4.17476	1.66816
3.22252	0.584231	3.22252	0.584231
3.52186	4.23145	3.52186	4.23145
2.32302	5.7331	2.32302	5.7331
1.10663	5.39073	1.10663	5.39073
3.91946	-1.89773	3.91946	-1.89773
4.03028	1.72125	4.03028	1.72125
2.37506	5.46807	2.37506	5.46807
3.97851	2.27996	3.97851	2.27996
3.89921	2.43994	3.89921	2.43994
0.598135	-2.5155	0.598135	-2.5155
1.7053	3.35856	1.7053	3.35856
0.47261	4.24739	0.47261	4.24739
1.72517	-3.21567	1.72517	-3.21567
6.20714	1.69444	6.20714	1.69444
-0.283556	-6.24823	-0.283556	-6.24823
3.11021	4.4574	3.11021	4.4574
-0.695978	5.0221	-0.695978	5.0221
-0.832942	2.38855	-0.832942	2.38855
5.27272	-0.221764	5.27272	-0.221764
1.58488	1.72858	1.58488	1.72858
1.11647	3.0606	1.11647	3.0606
0.828846	5.08224	0.828846	5.08224
5.64562	2.75484	5.64562	2.75484
3.01218	-2.28738	3.01218	-2.28738
3.52106	3.04001	3.52106	3.04001
4.39058	1.07781	4.39058	1.07781
-1.90009	1.73531	-1.90009	1.73531
-2.83644	-2.0511	-2.83644	-2.0511
3.14988	4.66027	3.14988	4.66027
1.66373	5.75157	1.66373	5.75157
-0.982051	4.68914	-0.982051	4.68914
-1.44467	3.23434	-1.44467	3.23434
3.33437	4.18683	3.33437	4.18683
0.236022	5.08402	0.236022	5.08402
2.99815	2.54246	2.99815	2.54246
3.85365	3.62614	3.85365	3.62614
0.880157	-0.988235	0.880157	-0.988235
7.26564	3.2545	7.26564	3.2545
4.40462	1.41255	4.40462	1.41255
0.449748	1.23581	0.449748	1.23581
4.30804	-1.18167	4.30804	-1.18167
1.21889	0.374862	1.21889	0.374862
2.0977	0.274598	2.0977	0.274598
-1.01999	0.32394	-1.01999	0.32394
2.79213	-3.55898	2.79213	-3.55898
-0.266394	3.17198	-0.266394	3.17198
3.18876	-3.66548	3.18876	-3.66548
2.06071	-1.76835	2.06071	-1.76835
-0.79853	0.901344	-0.79853	0.901344
4.62247	3.66431	4.62247	3.66431
0.813917	2.16031	0.813917	2.16031
3.56844	1.65029	3.56844	1.65029
4.2088	2.63163	4.2088	2.63163
5.16679	1.48319	5.16679	1.48319
1.93468	3.7734	1.93468	3.7734
2.88568	3.00464	2.88568	3.00464
3.98223	1.07514	3.98223	1.07514
-4.89839	0.323962	-4.89839	0.323962
2.45083	4.98496	2.45083	4.98496
4.4534	-0.449807	4.4534	-0.449807
4.02583	2.91828	4.02583	2.91828
2.95703	2.86269	2.95703	2.86269
-1.43673	-2.60271	-1.43673	-2.60271
3.76545	4.04661	3.76545	4.04661
5.67733	-0.469572	5.67733	-0.469572
-0.230021	-1.0857	-0.230021	-1.0857
3.62005	2.76093	3.62005	2.76093
2.69148	5.53638	2.69148	5.53638
4.01701	-0.692299	4.01701	-0.692299
2.8292	-1.3631	2.8292	-1.3631
1.16333	-2.12295	1.16333	-2.12295
-1.17412	-6.84257	-1.17412	-6.84257
1.3575	5.80297	1.3575	5.80297
3.1766	0.667679	3.1766	0.667679
-0.355532	4.82263	-0.355532	4.82263
1.80899	4.77481	1.80899	4.77481
2.69794	4.23189	2.69794	4.23189
5.44351	5.41153	5.44351	5.41153
3.17655	1.9627	3.17655	1.9627
3.40945	3.14486	3.40945	3.14486
5.60984	-1.70484	5.60984	-1.70484
-2.51257	2.62935	-2.51257	2.62935
3.34673	3.09051	3.34673	3.09051
4.76711	1.76765	4.76711	1.76765
1.81166	-1.39564	1.81166	-1.39564
4.03474	1.13868	4.03474	1.13868
1.94909	-3.62603	1.94909	-3.62603
-1.3592	-3.32212	-1.3592	-3.32212
5.16389	5.35432	5.16389	5.35432
2.90843	4.61973	2.90843	4.61973
0.867277	3.27541	0.867277	3.27541
2.95096	0.678115	2.95096	0.678115
2.35993	1.95558	2.35993	1.95558
3.05509	5.14305	3.05509	5.14305
3.93587	-3.83364	3.93587	-3.83364
0.732947	6.12199	0.732947	6.12199
0.436249	3.13902	0.436249	3.13902
-0.63376	-0.601267	-0.63376	-0.601267
5.29595	2.37969	5.29595	2.37969
4.90869	0.512093	4.90869	0.512093
-0.931929	3.34858	-0.931929	3.34858
3.28293	-0.0655293	3.28293	-0.0655293
5.89088	6.73038	5.89088	6.73038
2.74279	3.11118	2.74279	3.11118
2.10701	4.5178	2.10701	4.5178
-0.242513	4.47257	-0.242513	4.47257
5.81296	-0.541235	5.81296	-0.541235
3.03862	-0.82091	3.03862	-0.82091
4.86761	1.46411	4.86761	1.46411
1.16204	2.47216	1.16204	2.47216
-1.83216	-0.223521	-1.83216	-0.223521
4.42119	1.59474	4.42119	1.59474
4.52689	-1.54104	4.52689	-1.54104
-1.86847	-2.86729	-1.86847	-2.86729
3.22702	4.79725	3.22702	4.79725
4.25235	-0.328079	4.25235	-0.328079
4.17406	2.30598	4.17406	2.30598
1.62066	-5.50991	1.62066	-5.50991
5.40917	2.40626	5.40917	2.40626
-0.0109706	5.69849	-0.0109706	5.69849
-0.644596	-1.62642	-0.644596	-1.62642
5.48953	-0.763688	5.48953	-0.763688
3.96305	1.51381	3.96305	1.51381
5.16963	2.32362	5.16963	2.32362
2.06783	-2.2366	2.06783	-2.2366
2.61073	1.75225	2.61073	1.75225
5.66287	-2.26339	5.66287	-2.26339
2.02627	0.0182991	2.02627	0.0182991
3.0916	-1.97792	3.0916	-1.97792
1.27917	-4.22022	1.27917	-4.22022
2.92568	2.36788	2.92568	2.36788
2.61199	-4.98597	2.61199	-4.98597
4.245	1.97553	4.245	1.97553
4.01621	4.50704	4.01621	4.50704
-0.715005	-1.36017	-0.715005	-1.36017
-1.83616	3.05836	-1.83616	3.05836
1.64122	4.75041	1.64122	4.75041
-2.76369	-2.32518	-2.76369	-2.32518
4.1937	0.342509	4.1937	0.342509
2.56328	4.27688	2.56328	4.27688
2.02414	-2.71582	2.02414	-2.71582
0.282075	-0.145783	0.282075	-0.145783
-1.69359	7.29865	-1.69359	7.29865
4.23217	1.22128	4.23217	1.22128
2.80274	4.39272	2.80274	4.39272
2.13609	3.84593	2.13609	3.84593
4.00468	3.05003	4.00468	3.05003
4.92408	3.41175	4.92408	3.41175
3.27265	3.28522	3.27265	3.28522
3.27558	3.10129	3.27558	3.10129
-1.6949	4.69041	-1.6949	4.69041
0.747316	6.32746	0.747316	6.32746
0.377798	6.05362	0.377798	6.05362
0.969496	4.30506	0.969496	4.30506
1.49781	5.30765	1.49781	5.30765
4.32063	-0.37034	4.32063	-0.37034
1.38819	1.65993	1.38819	1.65993
5.07645	1.86322	5.07645	1.86322
5.58275	-3.36194	5.58275	-3.36194
2.10548	1.61731	2.10548	1.61731
4.07999	2.94191	4.07999	2.94191
1.53776	4.7156	1.53776	4.7156
4.853	-1.05848	4.853	-1.05848
0.776875	1.47891	0.776875	1.47891
2.67379	-0.555031	2.67379	-0.555031
4.01589	2.22655	4.01589	2.22655
3.31717	4.28027	3.31717	4.28027
3.44849	-2.29539	3.44849	-2.29539
4.501	-0.496055	4.501	-0.496055
-3.00449	3.726	-3.00449	3.726
4.56033	3.08579	4.56033	3.08579
3.60241	-2.73078	3.60241	-2.73078
4.10002	2.20915	4.10002	2.20915
2.81407	4.88248	2.81407	4.88248
5.97812	-1.22281	5.97812	-1.22281
4.49317	1.62805	4.49317	1.62805
7.28184	1.87342	7.28184	1.87342
-2.04924	5.60808	-2.04924	5.60808
5.39785	4.32589	5.39785	4.32589
3.74744	2.9465	3.74744	2.9465
4.1469	4.19035	4.1469	4.19035
3.39948	3.54968	3.39948	3.54968
5.29961	2.3141	5.29961	2.3141
2.92186	5.70767	2.92186	5.70767
3.19684	2.60482	3.19684	2.60482
1.34311	5.18937	1.34311	5.18937
-0.0670004	-0.326351	-0.0670004	-0.326351
2.72029	3.94505	2.72029	3.94505
3.55444	-1.99357	3.55444	-1.99357
2.15744	3.46805	2.15744	3.46805
4.04704	0.129775	4.04704	0.129775
4.81224	-2.0854	4.81224	-2.0854
1.38766	-4.95624	1.38766	-4.95624
5.27491	1.34634	5.27491	1.34634
4.1526	-0.907507	4.1526	-0.907507
3.27987	6.09915	3.27987	6.09915
0.823689	7.70823	0.823689	7.70823
2.99556	-2.58396	2.99556	-2.58396
3.22717	-0.636696	3.22717	-0.636696
-0.779685	-0.4993	-0.779685	-0.4993
3.01287	-0.416526	3.01287	-0.416526
3.51443	4.03071	3.51443	4.03071
3.67757	0.858725	3.67757	0.858725
0.818978	-1.2156	0.818978	-1.2156
2.44161	-2.80285	2.44161	-2.80285
4.79221	3.50124	4.79221	3.50124
-0.611769	3.85961	-0.611769	3.85961
5.98945	2.79875	5.98945	2.79875
0.190146	-1.94907	0.190146	-1.94907
3.99118	2.12223	3.99118	2.12223
4.59615	4.63295	4.59615	4.63295
5.00427	-0.212663	5.00427	-0.212663
3.23951	0.357496	3.23951	0.357496
0.665524	3.00355	0.665524	3.00355
2.9587	5.3256	2.9587	5.3256
3.302	-1.48283	3.302	-1.48283
-0.489498	2.97141	-0.489498	2.97141
4.75459	-0.319736	4.75459	-0.319736
0.699475	5.68934	0.699475	5.68934
0.998642	-0.300119	0.998642	-0.300119
-0.0549335	3.55499	-0.0549335	3.55499
6.3256	2.24503	6.3256	2.24503
2.20108	4.40842	2.20108	4.40842
4.24429	2.22896	4.24429	2.22896
-1.81949	4.0271	-1.81949	4.0271
2.81885	3.6822	2.81885	3.6822
-2.25905	3.89736	-2.25905	3.89736
2.32263	-2.21544	2.32263	-2.21544
4.41887	0.910591	4.41887	0.910591
5.31995	0.435384	5.31995	0.435384
4.83747	-1.32051	4.83747	-1.32051
2.59264	-1.12563	2.59264	-1.12563
5.76432	0.993721	5.76432	0.993721
4.05937	-1.10534	4.05937	-1.10534
2.7926	-1.4182	2.7926	-1.4182
4.21409	4.97754	4.21409	4.97754
0.627077	-0.572008	0.627077	-0.572008
4.60369	3.43124	4.60369	3.43124
5.57466	-0.166794	5.57466	-0.166794
3.57215	-1.9889	3.57215	-1.9889
2.16071	5.03785	2.16071	5.03785
-1.07688	3.8853	-1.07688	3.8853
5.16354	-0.826687	5.16354	-0.826687
4.60752	6.49131	4.60752	6.49131
5.60426	2.11991	5.60426	2.11991
-0.550604	5.34946	-0.550604	5.34946
5.36729	0.304176	5.36729	0.304176
4.48247	5.4397	4.48247	5.4397
4.96475	2.14372	4.96475	2.14372
1.63351	4.87903	1.63351	4.87903
4.37905	2.74186	4.37905	2.74186
1.14254	3.5032	1.14254	3.5032
3.20193	-1.1151	3.20193	-1.1151
-0.508037	6.07658	-0.508037	6.07658
-1.51863	0.792109	-1.51863	0.792109
4.58132	-0.0399699	4.58132	-0.0399699
2.71382	4.55657	2.71382	4.55657
4.95414	-1.49647	4.95414	-1.49647
-1.79358	4.341	-1.79358	4.341
1.84331	4.29959	1.84331	4.29959
-1.0163	3.5462	-1.0163	3.5462
5.16032	0.856179	5.16032	0.856179
2.84402	4.63306	2.84402	4.63306
2.13654	-0.649008	2.13654	-0.649008
5.27742	0.92291	5.27742	0.92291
1.30448	-2.49077	1.30448	-2.49077
1.54883	3.89842	1.54883	3.89842
-0.238268	-5.36682	-0.238268	-5.36682
-1.37374	6.42243	-1.37374	6.42243
3.92392	-2.65901	3.92392	-2.65901
-0.395597	3.5673	-0.395597	3.5673
3.51188	-2.5916	3.51188	-2.5916
1.6649	3.08836	1.6649	3.08836
0.967667	3.94358	0.967667	3.94358
1.60844	-3.13405	1.60844	-3.13405
6.7304	0.83338	6.7304	0.83338
-3.8629	-1.18084	-3.8629	-1.18084
0.93141	3.0335	0.93141	3.0335
1.36186	7.39932	1.36186	7.39932
3.08731	-1.74118	3.08731	-1.74118
4.32081	2.39809	4.32081	2.39809
1.87749	2.8883	1.87749	2.8883
5.41543	0.24233	5.41543	0.24233
0.367323	-2.57077	0.367323	-2.57077
4.67442	-0.602267	4.67442	-0.602267
0.736498	4.53044	0.736498	4.53044
5.23437	3.85578	5.23437	3.85578
4.28472	2.30957	4.28472	2.30957
4.62676	-2.76131	4.62676	-2.76131
2.19218	-0.283022	2.19218	-0.283022
-0.643773	2.00309	-0.643773	2.00309
4.43981	1.51004	4.43981	1.51004
1.72083	0.615313	1.72083	0.615313
2.62112	5.48978	2.62112	5.48978
1.75855	1.93082	1.75855	1.93082
-1.52494	-1.72608	-1.52494	-1.72608
4.53673	-1.28579	4.53673	-1.28579
2.49812	-2.24058	2.49812	-2.24058
2.11522	0.619638	2.11522	0.619638
5.16653	3.15167	5.16653	3.15167
2.42756	-3.369	2.42756	-3.369
-0.261288	4.29087	-0.261288	4.29087
-1.25507	3.28062	-1.25507	3.28062
5.74947	1.14259	5.74947	1.14259
3.21364	4.71197	3.21364	4.71197
0.269732	-0.160864	0.269732	-0.160864
1.69073	2.7909	1.69073	2.7909
2.51112	3.91565	2.51112	3.91565
4.30214	-4.28084	4.30214	-4.28084
2.6517	5.04741	2.6517	5.04741
5.43531	1.49758	5.43531	1.49758
-3.1388	6.06106	-3.1388	6.06106
5.19309	0.858131	5.19309	0.858131
4.41054	-1.29765	4.41054	-1.29765
0.504311	-3.16726	0.504311	-3.16726
2.98921	-2.5366	2.98921	-2.5366
5.12649	3.0063	5.12649	3.0063
2.23851	1.06979	2.23851	1.06979
4.47458	1.30012	4.47458	1.30012
2.56024	4.21505	2.56024	4.21505
1.77964	-1.39964	1.77964	-1.39964
3.99743	3.53233	3.99743	3.53233
2.78666	-0.94478	2.78666	-0.94478
4.1151	-2.80714	4.1151	-2.80714
-0.222448	-6.00806	-0.222448	-6.00806
3.92141	2.32587	3.92141	2.32587
3.92582	2.25495	3.92582	2.25495
0.786837	-5.77974	0.786837	-5.77974
3.84092	0.284005	3.84092	0.284005
2.36898	-0.991315	2.36898	-0.991315
3.38202	1.07585	3.38202	1.07585
4.19669	-0.702492	4.19669	-0.702492
-0.558704	0.750484	-0.558704	0.750484
3.52972	-2.37274	3.52972	-2.37274
2.62501	-0.215741	2.62501	-0.215741
3.12063	-4.0736	3.12063	-4.0736
3.6468	4.70035	3.6468	4.70035
4.35844	2.39827	4.35844	2.39827
4.87172	1.46817	4.87172	1.46817
5.16624	4.72548	5.16624	4.72548
2.91077	1.16369	2.91077	1.16369
3.27303	0.212917	3.27303	0.212917
4.71192	3.87406	4.71192	3.87406
2.76076	2.01994	2.76076	2.01994
-1.11492	7.60922	-1.11492	7.60922
3.57345	2.86498	3.57345	2.86498
5.17156	2.30261	5.17156	2.30261
5.14646	4.31637	5.14646	4.31637
1.36956	2.67686	1.36956	2.67686
4.50832	1.15425	4.50832	1.15425
4.55939	-1.19502	4.55939	-1.19502
-0.886505	7.41216	-0.886505	7.41216
-2.80089	1.69572	-2.80089	1.69572
5.15573	0.966796	5.15573	0.966796
2.4311	5.40022	2.4311	5.40022
0.255858	1.22048	0.255858	1.22048
1.69722	-5.5006	1.69722	-5.5006
3.86513	-0.281111	3.86513	-0.281111
2.41735	-4.50409	2.41735	-4.50409
1.25406	0.88072	1.25406	0.88072
2.85038	1.86938	2.85038	1.86938
3.12744	-2.24985	3.12744	-2.24985
2.9613	-0.596273	2.9613	-0.596273
2.57885	-1.49755	2.57885	-1.49755
-2.62676	-1.70321	-2.62676	-1.70321
0.952566	7.1721	0.952566	7.1721
-0.121356	-0.746636	-0.121356	-0.746636
4.24792	2.42413	4.24792	2.42413
2.29729	4.75026	2.29729	4.75026
4.14619	-0.917668	4.14619	-0.917668
-0.996693	1.33068	-0.996693	1.33068
3.90252	-0.00547934	3.90252	-0.00547934
-3.78458	3.59175	-3.78458	3.59175
3.20579	2.43825	3.20579	2.43825
1.06023	3.52025	1.06023	3.52025
0.82948	5.17658	0.82948	5.17658
2.68656	-1.86662	2.68656	-1.86662
6.12813	-2.91977	6.12813	-2.91977
4.6078	4.96414	4.6078	4.96414
3.85445	0.238492	3.85445	0.238492
5.33859	-4.4272	5.33859	-4.4272
3.05875	1.64287	3.05875	1.64287
6.20179	2.55228	6.20179	2.55228
3.54974	4.20943	3.54974	4.20943
0.496365	-6.28077	0.496365	-6.28077
0.138047	2.65662	0.138047	2.65662
1.01859	-1.23207	1.01859	-1.23207
3.13537	-1.70439	3.13537	-1.70439
4.52086	0.693734	4.52086	0.693734
0.323308	4.39492	0.323308	4.39492
3.74823	2.79158	3.74823	2.79158
1.11298	-2.25051	1.11298	-2.25051
2.26024	4.30586	2.26024	4.30586
1.62028	-1.38717	1.62028	-1.38717
-0.421179	-0.273672	-0.421179	-0.273672
3.9094	3.48384	3.9094	3.48384
-0.0219736	1.13239	-0.0219736	1.13239
3.36403	-3.98412	3.36403	-3.98412
3.71131	5.85565	3.71131	5.85565
-0.90459	-5.46805	-0.90459	-5.46805
1.00341	-2.95428	1.00341	-2.95428
4.9649	1.11201	4.9649	1.11201
4.06055	2.4669	4.06055	2.4669
3.60384	-2.34026	3.60384	-2.34026
0.313938	2.82733	0.313938	2.82733
-0.453699	5.28171	-0.453699	5.28171
0.337941	-5.19633	0.337941	-5.19633
0.389342	-0.354545	0.389342	-0.354545
3.43703	3.2487	3.43703	3.2487
2.70461	1.54652	2.70461	1.54652
2.05173	0.770262	2.05173	0.770262
3.1177	-1.18892	3.1177	-1.18892
2.06398	-0.221907	2.06398	-0.221907
5.62079	-0.742808	5.62079	-0.742808
1.6828	2.02742	1.6828	2.02742
4.74037	-1.47845	4.74037	-1.47845
0.1141	5.03311	0.1141	5.03311
-1.5112	5.92827	-1.5112	5.92827
2.34297	4.45975	2.34297	4.45975
4.52846	1.82154	4.52846	1.82154
1.88301	2.08745	1.88301	2.08745
3.24356	1.11303	3.24356	1.11303
-0.88028	-0.91711	-0.88028	-0.91711
5.25887	2.86783	5.25887	2.86783
5.17346	2.52046	5.17346	2.52046
-1.18811	1.22475	-1.18811	1.22475
7.16203	-1.13118	7.16203	-1.13118
3.6513	4.43473	3.6513	4.43473
4.78529	-3.1852	4.78529	-3.1852
0.118802	3.14087	0.118802	3.14087
3.0674	6.42151	3.0674	6.42151
2.65531	3.89804	2.65531	3.89804
-0.728306	1.52892	-0.728306	1.52892
4.74943	2.18698	4.74943	2.18698
1.90891	-0.267707	1.90891	-0.267707
-2.1305	1.67373	-2.1305	1.67373
4.01931	-3.18612	4.01931	-3.18612
2.75723	3.93895	2.75723	3.93895
0.803723	2.78023	0.803723	2.78023
1.62953	-5.30553	1.62953	-5.30553
4.45913	1.84766	4.45913	1.84766
3.61033	2.01689	3.61033	2.01689
3.74603	2.73014	3.74603	2.73014
3.51958	-0.53812	3.51958	-0.53812
3.58707	-2.11948	3.58707	-2.11948
1.80296	-4.16173	1.80296	-4.16173
3.98996	5.45052	3.98996	5.45052
2.23154	5.524	2.23154	5.524
3.2645	1.89308	3.2645	1.89308
4.43993	5.53461	4.43993	5.53461
3.85282	-4.23141	3.85282	-4.23141
6.00803	0.0366089	6.00803	0.0366089
2.91967	-0.106682	2.91967	-0.106682
2.49399	-4.96783	2.49399	-4.96783
4.00436	2.21176	4.00436	2.21176
2.71584	2.22908	2.71584	2.22908
4.45168	1.46448	4.45168	1.46448
5.14251	3.23991	5.14251	3.23991
5.19431	-3.32136	5.19431	-3.32136
6.17459	3.81643	6.17459	3.81643
1.90857	3.89558	1.90857	3.89558
0.83394	0.47924	0.83394	0.47924
3.97467	-4.32915	3.97467	-4.32915
0.97003	-1.86606	0.97003	-1.86606
-0.411936	4.90049	-0.411936	4.90049
3.64866	2.67576	3.64866	2.67576
-3.02075	5.25545	-3.02075	5.25545
1.23133	0.00851917	1.23133	0.00851917
0.599459	2.34519	0.599459	2.34519
1.84865	-4.59836	1.84865	-4.59836
-0.979529	-3.28682	-0.979529	-3.28682
0.890596	4.01949	0.890596	4.01949
3.64434	-3.95262	3.64434	-3.95262
1.90604	-1.13373	1.90604	-1.13373
5.81401	-0.675123	5.81401	-0.675123
4.07628	3.39467	4.07628	3.39467
3.71613	-1.15598	3.71613	-1.15598
-0.825619	-2.79883	-0.825619	-2.79883
3.47993	2.97096	3.47993	2.97096
4.63049	-0.465909	4.63049	-0.465909
3.32378	3.86533	3.32378	3.86533
5.62598	1.01408	5.62598	1.01408
0.0143628	1.00324	0.0143628	1.00324
2.02623	2.65286	2.02623	2.65286
5.56363	0.328117	5.56363	0.328117
2.97417	0.584432	2.97417	0.584432
2.29655	-4.36466	2.29655	-4.36466
1.38242	4.49574	1.38242	4.49574
-3.16272	-0.961461	-3.16272	-0.961461
0.809266	5.32029	0.809266	5.32029
0.744792	0.186643	0.744792	0.186643
5.31975	2.90815	5.31975	2.90815
4.3581	1.7083	4.3581	1.7083
0.860178	5.63549	0.860178	5.63549
-0.225629	5.73717	-0.225629	5.73717
2.45491	-1.76491	2.45491	-1.76491
1.3066	-5.95944	1.3066	-5.95944
-0.275099	-4.02662	-0.275099	-4.02662
-0.0813704	-5.90103	-0.0813704	-5.90103
3.41242	-2.00444	3.41242	-2.00444
0.333165	5.49062	0.333165	5.49062
3.13967	-1.96178	3.13967	-1.96178
3.24364	1.57894	3.24364	1.57894
-0.569538	7.79411	-0.569538	7.79411
4.33734	1.3502	4.33734	1.3502
0.715432	5.81936	0.715432	5.81936
2.70344	4.917	2.70344	4.917
2.01497	1.61385	2.01497	1.61385
4.34237	1.72423	4.34237	1.72423
5.71094	2.28781	5.71094	2.28781
5.05003	2.85989	5.05003	2.85989
-0.516459	2.83194	-0.516459	2.83194
0.762085	3.91199	0.762085	3.91199
4.2472	0.474462	4.2472	0.474462
3.10056	0.217486	3.10056	0.217486
3.75759	4.93229	3.75759	4.93229
1.72358	-3.5364	1.72358	-3.5364
5.08416	3.3894	5.08416	3.3894
2.42813	-4.10537	2.42813	-4.10537
4.78359	0.6	4.78359	0.6
1.88857	4.68027	1.88857	4.68027
4.02556	-0.221401	4.02556	-0.221401
5.12417	3.31307	5.12417	3.31307
4.21519	3.00228	4.21519	3.00228
7.01099	2.88785	7.01099	2.88785
-2.80595	2.90294	-2.80595	2.90294
6.40655	1.19329	6.40655	1.19329
4.82964	-0.160926	4.82964	-0.160926
4.95276	3.11709	4.95276	3.11709
3.77299	0.416208	3.77299	0.416208
3.84072	2.97811	3.84072	2.97811
3.31383	-0.27918	3.31383	-0.27918
2.38916	-2.22326	2.38916	-2.22326
-3.60872	-0.588449	-3.60872	-0.588449
4.88575	-2.16502	4.88575	-2.16502
2.40825	2.41203	2.40825	2.41203
4.16166	-3.79475	4.16166	-3.79475
2.789	-0.940664	2.789	-0.940664
0.293777	0.846735	0.293777	0.846735
1.41514	-0.280294	1.41514	-0.280294
5.43046	2.46273	5.43046	2.46273
1.23872	-0.209318	1.23872	-0.209318
-0.564664	4.23862	-0.564664	4.23862
-3.00614	5.68033	-3.00614	5.68033
3.47486	3.05854	3.47486	3.05854
-3.6674	-3.73345	-3.6674	-3.73345
2.88586	2.29629	2.88586	2.29629
5.54978	2.87201	5.54978	2.87201
3.66514	-3.76429	3.66514	-3.76429
-1.27206	-6.23526	-1.27206	-6.23526
-3.89831	2.5849	-3.89831	2.5849
4.60633	-3.29071	4.60633	-3.29071
-0.674297	4.6739	-0.674297	4.6739
2.49751	-2.99324	2.49751	-2.99324
2.60906	-1.39137	2.60906	-1.39137
2.19959	3.2957	2.19959	3.2957
5.73946	2.99136	5.73946	2.99136
3.14992	1.78589	3.14992	1.78589
3.95916	2.51469	3.95916	2.51469
1.1279	2.88963	1.1279	2.88963
2.97695	1.90475	2.97695	1.90475
-1.16779	2.78502	-1.16779	2.78502
4.28006	2.47749	4.28006	2.47749
4.75401	-0.298783	4.75401	-0.298783
-2.61624	5.23924	-2.61624	5.23924
-0.465805	1.86349	-0.465805	1.86349
4.19337	2.18683	4.19337	2.18683
4.25365	3.68682	4.25365	3.68682
3.42141	-4.22266	3.42141	-4.22266
3.81087	-0.477688	3.81087	-0.477688
1.40442	-2.04514	1.40442	-2.04514
6.2286	0.517497	6.2286	0.517497
-0.762647	-0.452308	-0.762647	-0.452308
-1.40844	2.09641	-1.40844	2.09641
0.28845	3.77756	0.28845	3.77756
0.367423	-2.56096	0.367423	-2.56096
4.86227	1.02592	4.86227	1.02592
5.40511	2.17855	5.40511	2.17855
1.14635	5.04726	1.14635	5.04726
1.71568	-3.33127	1.71568	-3.33127
-1.78635	5.11036	-1.78635	5.11036
3.62033	0.0357051	3.62033	0.0357051
-2.53898	0.77521	-2.53898	0.77521
2.46013	4.78784	2.46013	4.78784
2.65842	-1.22304	2.65842	-1.22304
0.626708	3.79806	0.626708	3.79806
1.50853	-3.97325	1.50853	-3.97325
-2.78008	-7.0587	-2.78008	-7.0587
2.29127	4.87125	2.29127	4.87125
2.0896	6.35099	2.0896	6.35099
-3.91896	6.06217	-3.91896	6.06217
3.97837	2.13364	3.97837	2.13364
2.7332	-1.23939	2.7332	-1.23939
2.61593	-0.558913	2.61593	-0.558913
4.02169	-2.12933	4.02169	-2.12933
2.62542	4.40397	2.62542	4.40397
5.18765	1.34964	5.18765	1.34964
1.20645	0.951136	1.20645	0.951136
0.239303	-2.22134	0.239303	-2.22134
2.23029	-0.812479	2.23029	-0.812479
0.901811	3.7391	0.901811	3.7391
3.16687	3.01642	3.16687	3.01642
2.1294	-2.63856	2.1294	-2.63856
0.858139	4.95731	0.858139	4.95731
0.355843	2.60688	0.355843	2.60688
2.10397	4.58482	2.10397	4.58482
2.27567	0.978754	2.27567	0.978754
6.50223	-1.1119	6.50223	-1.1119
2.07096	1.86986	2.07096	1.86986
0.445969	-3.7554	0.445969	-3.7554
2.88883	-2.59148	2.88883	-2.59148
2.36782	5.92301	2.36782	5.92301
2.31379	-1.01438	2.31379	-1.01438
4.02156	3.03367	4.02156	3.03367
2.22039	0.196465	2.22039	0.196465
2.22595	4.9986	2.22595	4.9986
3.70243	4.00445	3.70243	4.00445
5.75882	-1.48653	5.75882	-1.48653
3.45735	2.40798	3.45735	2.40798
3.66651	-0.510367	3.66651	-0.510367
0.361935	5.53695	0.361935	5.53695
4.12561	2.02195	4.12561	2.02195
4.65813	0.246806	4.65813	0.246806
5.95875	0.495703	5.95875	0.495703
3.90239	3.07117	3.90239	3.07117
1.35433	-0.954225	1.35433	-0.954225
4.60387	2.09606	4.60387	2.09606
2.38289	-4.36429	2.38289	-4.36429
5.89185	-0.987884	5.89185	-0.987884
3.22892	0.749403	3.22892	0.749403
8.09791	2.05069	8.09791	2.05069
3.93263	-1.93196	3.93263	-1.93196
1.488	2.24308	1.488	2.24308
4.88799	3.44175	4.88799	3.44175
7.46413	-2.79531	7.46413	-2.79531
2.67273	4.5742	2.67273	4.5742
7.55365	-1.80197	7.55365	-1.80197
4.0923	0.0756402	4.0923	0.0756402
0.0797486	-1.70308	0.0797486	-1.70308
2.14067	3.72184	2.14067	3.72184
-1.60335	1.16532	-1.60335	1.16532
2.15466	5.52899	2.15466	5.52899
2.63487	-2.62012	2.63487	-2.62012
0.626006	0.641014	0.626006	0.641014
1.75961	1.09834	1.75961	1.09834
1.81236	6.7936	1.81236	6.7936
3.9547	2.97512	3.9547	2.97512
5.47265	4.11785	5.47265	4.11785
-1.45704	1.2733	-1.45704	1.2733
5.36868	0.979097	5.36868	0.979097
4.15817	3.06069	4.15817	3.06069
4.10741	2.43451	4.10741	2.43451
2.46219	4.18395	2.46219	4.18395
4.35013	3.6091	4.35013	3.6091
3.82093	2.34524	3.82093	2.34524
-2.77007	5.95001	-2.77007	5.95001
4.46653	2.24291	4.46653	2.24291
2.62098	0.780639	2.62098	0.780639
0.870042	-3.75356	0.870042	-3.75356
0.284881	-6.46877	0.284881	-6.46877
2.59014	-2.22056	2.59014	-2.22056
-2.05697	5.33723	-2.05697	5.33723
5.18667	0.427788	5.18667	0.427788
-1.31249	0.740749	-1.31249	0.740749
4.61111	2.36534	4.61111	2.36534
2.22248	0.387734	2.22248	0.387734
6.13415	0.420084	6.13415	0.420084
3.92812	-1.36639	3.92812	-1.36639
2.82489	-1.43725	2.82489	-1.43725
0.750271	4.74923	0.750271	4.74923
4.07596	2.67377	4.07596	2.67377
4.29252	4.54562	4.29252	4.54562
3.19241	-3.56139	3.19241	-3.56139
-0.382764	-1.13674	-0.382764	-1.13674
2.68615	-3.18777	2.68615	-3.18777
-0.226369	2.51699	-0.226369	2.51699
-0.411939	0.435975	-0.411939	0.435975
-1.38307	-4.07521	-1.38307	-4.07521
4.81584	0.132405	4.81584	0.132405
4.90451	-0.814039	4.90451	-0.814039
4.46355	2.10388	4.46355	2.10388
1.70234	0.321461	1.70234	0.321461
2.95738	4.74719	2.95738	4.74719
-0.0542879	0.593429	-0.0542879	0.593429
5.21215	3.81636	5.21215	3.81636
4.49074	1.17334	4.49074	1.17334
-4.61253	0.0270352	-4.61253	0.0270352
4.54106	-1.06636	4.54106	-1.06636
2.1181	1.94818	2.1181	1.94818
1.65344	2.95685	1.65344	2.95685
1.3953	0.0163698	1.3953	0.0163698
0.402081	-5.63894	0.402081	-5.63894
5.80011	-0.85771	5.80011	-0.85771
4.93295	1.18821	4.93295	1.18821
4.42001	2.41809	4.42001	2.41809
4.76334	4.01361	4.76334	4.01361
4.40277	-4.27466	4.40277	-4.27466
0.202259	-1.68589	0.202259	-1.68589
4.21813	1.44799	4.21813	1.44799
1.18756	4.59847	1.18756	4.59847
3.11948	3.6856	3.11948	3.6856
0.544464	2.87683	0.544464	2.87683
-1.63667	5.34836	-1.63667	5.34836
-0.0150189	4.14823	-0.0150189	4.14823
2.14908	-3.92443	2.14908	-3.92443
0.628459	-0.829638	0.628459	-0.829638
4.14294	1.92331	4.14294	1.92331
3.58989	2.25036	3.58989	2.25036
4.99662	1.06942	4.99662	1.06942
0.795287	-5.18715	0.795287	-5.18715
-1.26232	-4.06887	-1.26232	-4.06887
4.30582	3.43431	4.30582	3.43431
4.04686	7.73675	4.04686	7.73675
-1.15699	-5.12824	-1.15699	-5.12824
4.67648	2.79855	4.67648	2.79855
0.151512	5.58485	0.151512	5.58485
-0.0769348	5.24613	-0.0769348	5.24613
0.0713305	4.23791	0.0713305	4.23791
0.792893	4.96771	0.792893	4.96771
4.03295	0.320325	4.03295	0.320325
2.93418	-3.76585	2.93418	-3.76585
2.78294	2.68907	2.78294	2.68907
3.80415	3.34468	3.80415	3.34468
5.41465	1.60408	5.41465	1.60408
4.62631	-1.99441	4.62631	-1.99441
2.41792	-5.2466	2.41792	-5.2466
2.6638	0.746394	2.6638	0.746394
2.17425	4.44613	2.17425	4.44613
1.28219	-0.942564	1.28219	-0.942564
5.10031	4.02986	5.10031	4.02986
4.88367	-2.10438	4.88367	-2.10438
3.9884	-0.31914	3.9884	-0.31914
-0.119022	3.23115	-0.119022	3.23115
3.29162	-1.69621	3.29162	-1.69621
3.32928	0.907998	3.32928	0.907998
4.67783	1.93177	4.67783	1.93177
0.498291	-3.87867	0.498291	-3.87867
-1.99444	3.68332	-1.99444	3.68332
2.86103	1.38528	2.86103	1.38528
1.0489	-0.699035	1.0489	-0.699035
4.2882	-1.21576	4.2882	-1.21576
4.15688	2.02465	4.15688	2.02465
1.21883	-4.62164	1.21883	-4.62164
-0.0648384	5.72054	-0.0648384	5.72054
3.71641	6.89468	3.71641	6.89468
1.93173	-1.2886	1.93173	-1.2886
4.71835	4.04266	4.71835	4.04266
3.57351	4.37756	3.57351	4.37756
5.63069	1.00845	5.63069	1.00845
1.85591	1.99159	1.85591	1.99159
5.37857	-0.768787	5.37857	-0.768787
3.56553	3.1745	3.56553	3.1745
-1.32931	3.25984	-1.32931	3.25984
3.55714	3.59813	3.55714	3.59813
3.63394	-0.449497	3.63394	-0.449497
2.59007	1.15669	2.59007	1.15669
-1.71483	-3.31737	-1.71483	-3.31737
0.882278	0.475601	0.882278	0.475601
1.06572	3.63136	1.06572	3.63136
5.60351	-1.23019	5.60351	-1.23019
5.99873	2.50431	5.99873	2.50431
1.63482	2.51462	1.63482	2.51462
0.520823	-4.19587	0.520823	-4.19587
4.62034	-1.70741	4.62034	-1.70741
3.79245	2.50659	3.79245	2.50659
2.81874	3.60414	2.81874	3.60414
-2.97378	1.04645	-2.97378	1.04645
-0.567998	6.0786	-0.567998	6.0786
4.8273	4.90909	4.8273	4.90909
-0.529897	1.9677	-0.529897	1.9677
1.51176	-5.53879	1.51176	-5.53879
5.80978	0.581093	5.80978	0.581093
3.04312	-1.44935	3.04312	-1.44935
5.39794	1.24184	5.39794	1.24184
4.14093	3.05548	4.14093	3.05548
-0.121286	1.60157	-0.121286	1.60157
3.97741	-4.19713	3.97741	-4.19713
6.91877	5.08527	6.91877	5.08527
5.06656	0.24826	5.06656	0.24826
3.84786	-1.94618	3.84786	-1.94618
2.22892	-0.534462	2.22892	-0.534462
3.13205	3.43741	3.13205	3.43741
3.46509	3.45678	3.46509	3.45678
3.12291	0.851884	3.12291	0.851884
-1.94325	4.79412	-1.94325	4.79412
1.6417	6.07201	1.6417	6.07201
2.95464	2.44678	2.95464	2.44678
4.79509	-1.80771	4.79509	-1.80771
0.809918	3.25847	0.809918	3.25847
5.88862	0.722144	5.88862	0.722144
3.3408	2.90444	3.3408	2.90444
4.35935	2.70158	4.35935	2.70158
4.03725	2.30834	4.03725	2.30834
0.334243	3.48481	0.334243	3.48481
6.4419	1.61099	6.4419	1.61099
5.28832	3.81212	5.28832	3.81212
3.56322	2.86819	3.56322	2.86819
1.78916	2.32945	1.78916	2.32945
-2.93797	-0.34954	-2.93797	-0.34954
5.92768	0.524964	5.92768	0.524964
3.48359	0.217558	3.48359	0.217558
2.03181	3.71151	2.03181	3.71151
2.33036	4.96259	2.33036	4.96259
2.6067	4.03716	2.6067	4.03716
3.5442	3.34257	3.5442	3.34257
2.23308	0.755213	2.23308	0.755213
3.30762	4.53657	3.30762	4.53657
-3.76124	-6.52479	-3.76124	-6.52479
-0.934029	4.60341	-0.934029	4.60341
-1.64567	4.50195	-1.64567	4.50195
4.41772	2.59024	4.41772	2.59024
-2.2022	4.9199	-2.2022	4.9199
0.979112	4.45031	0.979112	4.45031
-0.893011	5.78294	-0.893011	5.78294
4.39142	2.63326	4.39142	2.63326
5.25271	2.93984	5.25271	2.93984
1.16202	-1.58956	1.16202	-1.58956
3.80881	-3.1	3.80881	-3.1
2.97546	2.83577	2.97546	2.83577
-1.33387	4.6701	-1.33387	4.6701
4.44265	5.80071	4.44265	5.80071
3.66472	-1.12393	3.66472	-1.12393
4.08199	1.30898	4.08199	1.30898
0.913321	5.33378	0.913321	5.33378
1.11489	1.37532	1.11489	1.37532
-0.0533929	3.24233	-0.0533929	3.24233
2.93083	1.32444	2.93083	1.32444
3.35253	-0.506084	3.35253	-0.506084
3.02878	4.26272	3.02878	4.26272
-0.126621	2.22542	-0.126621	2.22542
-1.43377	0.96415	-1.43377	0.96415
3.96726	4.5421	3.96726	4.5421
2.99225	4.28879	2.99225	4.28879
-2.53391	3.65349	-2.53391	3.65349
2.74699	-2.05568	2.74699	-2.05568
4.21607	-1.58854	4.21607	-1.58854
5.55868	2.0053	5.55868	2.0053
3.7507	2.78562	3.7507	2.78562
2.40128	-2.65056	2.40128	-2.65056
4.61087	0.196346	4.61087	0.196346
2.08528	4.04953	2.08528	4.04953
3.03343	1.14989	3.03343	1.14989
1.75164	4.50899	1.75164	4.50899
1.18376	4.22757	1.18376	4.22757
1.51904	-2.62349	1.51904	-2.62349
3.7001	2.88894	3.7001	2.88894
2.57187	4.80687	2.57187	4.80687
3.72118	4.2484	3.72118	4.2484
3.71358	4.1753	3.71358	4.1753
-3.77512	4.38961	-3.77512	4.38961
0.165751	5.74887	0.165751	5.74887
3.62775	-2.44703	3.62775	-2.44703
-4.68657	-2.71177	-4.68657	-2.71177
3.72686	-0.756443	3.72686	-0.756443
2.29676	5.27566	2.29676	5.27566
3.73288	-1.00918	3.73288	-1.00918
5.19026	4.73219	5.19026	4.73219
-0.599093	5.88984	-0.599093	5.88984
-4.72746	-2.15598	-4.72746	-2.15598
5.49519	-3.1913	5.49519	-3.1913
2.26113	-0.348005	2.26113	-0.348005
2.95905	1.75856	2.95905	1.75856
6.7292	6.92752	6.7292	6.92752
3.67354	0.100483	3.67354	0.100483
3.12393	4.91672	3.12393	4.91672
-0.994594	3.43592	-0.994594	3.43592
-2.20461	-0.389854	-2.20461	-0.389854
-3.78234	3.77169	-3.78234	3.77169
3.70572	-2.27888	3.70572	-2.27888
0.685399	4.90418	0.685399	4.90418
0.175996	-0.981833	0.175996	-0.981833
1.26819	5.97832	1.26819	5.97832
4.04307	4.37704	4.04307	4.37704
1.53854	5.35504	1.53854	5.35504
5.39594	1.44544	5.39594	1.44544
5.28239	2.05531	5.28239	2.05531
3.29883	3.65168	3.29883	3.65168
-5.44329	-4.40781	-5.44329	-4.40781
2.48489	2.30494	2.48489	2.30494
4.88601	-2.60123	4.88601	-2.60123
0.209123	6.10462	0.209123	6.10462
1.65003	3.60259	1.65003	3.60259
4.71829	-2.42682	4.71829	-2.42682
3.86661	-2.23215	3.86661	-2.23215
6.6727	2.31924	6.6727	2.31924
4.62869	-2.07588	4.62869	-2.07588
-4.14558	-5.26031	-4.14558	-5.26031
0.638047	-0.10499	0.638047	-0.10499
5.48756	-0.977987	5.48756	-0.977987
2.95227	1.701	2.95227	1.701
3.78692	2.62984	3.78692	2.62984
1.09893	2.32475	1.09893	2.32475
4.79716	-0.803005	4.79716	-0.803005
1.14871	2.22467	1.14871	2.22467
0.503921	3.32585	0.503921	3.32585
3.98183	-2.77252	3.98183	-2.77252
2.71666	2.50041	2.71666	2.50041
2.09738	4.78654	2.09738	4.78654
4.05935	-2.72395	4.05935	-2.72395
4.17981	1.95688	4.17981	1.95688
4.52878	-2.75067	4.52878	-2.75067
7.36461	1.68794	7.36461	1.68794
4.30731	2.41544	4.30731	2.41544
5.24513	3.49221	5.24513	3.49221
-0.199061	-6.90853	-0.199061	-6.90853
4.72692	-0.162783	4.72692	-0.162783
5.15483	-1.19417	5.15483	-1.19417
-3.51037	-4.39818	-3.51037	-4.39818
-1.26905	-6.71879	-1.26905	-6.71879
2.00759	-1.73406	2.00759	-1.73406
3.90162	2.41805	3.90162	2.41805
6.00076	0.4905	6.00076	0.4905
-0.972501	5.86477	-0.972501	5.86477
0.756466	6.55847	0.756466	6.55847
4.74617	0.340398	4.74617	0.340398
0.236878	-4.82277	0.236878	-4.82277
5.76989	-2.23609	5.76989	-2.23609
0.403857	4.54962	0.403857	4.54962
3.3979	4.06533	3.3979	4.06533
1.89541	1.16361	1.89541	1.16361
-0.432113	-6.55351	-0.432113	-6.55351
-1.78059	4.85725	-1.78059	4.85725
1.25671	3.26178	1.25671	3.26178
0.883064	3.54068	0.883064	3.54068
1.1478	-1.69916	1.1478	-1.69916
1.68482	6.21745	1.68482	6.21745
2.93863	-1.64585	2.93863	-1.64585
5.04144	0.717385	5.04144	0.717385
4.68339	-1.12354	4.68339	-1.12354
0.618415	-3.59158	0.618415	-3.59158
4.39294	1.20381	4.39294	1.20381
2.68286	5.72301	2.68286	5.72301
2.59121	4.10794	2.59121	4.10794
3.94255	-1.12914	3.94255	-1.12914
1.43482	2.33631	1.43482	2.33631
6.59723	0.359411	6.59723	0.359411
4.33075	1.55162	4.33075	1.55162
5.77165	4.22169	5.77165	4.22169
6.73503	1.38551	6.73503	1.38551
-0.838952	-2.47113	-0.838952	-2.47113
1.40948	5.18531	1.40948	5.18531
-0.0848317	4.76619	-0.0848317	4.76619
4.1969	0.288143	4.1969	0.288143
1.25739	-1.17733	1.25739	-1.17733
0.178597	6.05914	0.178597	6.05914
2.56412	4.65549	2.56412	4.65549
5.13223	-0.573075	5.13223	-0.573075
-3.9	-3.34062	-3.9	-3.34062
3.11858	-0.586657	3.11858	-0.586657
4.87715	2.63428	4.87715	2.63428
3.5091	0.455542	3.5091	0.455542
4.70112	3.55684	4.70112	3.55684
2.46955	3.03054	2.46955	3.03054
3.65493	3.93778	3.65493	3.93778
3.3514	1.04718	3.3514	1.04718
1.35695	2.55802	1.35695	2.55802
5.69565	0.939803	5.69565	0.939803
1.85224	0.595246	1.85224	0.595246
4.37761	2.17526	4.37761	2.17526
-3.04567	0.571436	-3.04567	0.571436
2.8199	4.68131	2.8199	4.68131
1.926	3.06062	1.926	3.06062
3.52788	4.55478	3.52788	4.55478
2.76811	2.59521	2.76811	2.59521
-1.57536	2.48688	-1.57536	2.48688
3.31149	3.75646	3.31149	3.75646
5.14686	0.938825	5.14686	0.938825
2.43435	-0.0617881	2.43435	-0.0617881
-0.893377	-3.67833	-0.893377	-3.67833
-1.26234	4.10106	-1.26234	4.10106
5.65861	-2.53557	5.65861	-2.53557
1.33125	4.96921	1.33125	4.96921
3.016	3.56133	3.016	3.56133
5.89558	1.71516	5.89558	1.71516
3.66049	4.08596	3.66049	4.08596
5.64277	3.48674	5.64277	3.48674
1.65243	5.2118	1.65243	5.2118
2.49531	3.28748	2.49531	3.28748
-0.781252	5.73384	-0.781252	5.73384
1.56016	5.73251	1.56016	5.73251
3.77599	2.08689	3.77599	2.08689
1.90575	4.65212	1.90575	4.65212
2.61695	-0.0210261	2.61695	-0.0210261
3.21634	4.03029	3.21634	4.03029
4.11366	-4.19211	4.11366	-4.19211
4.16308	1.68262	4.16308	1.68262
2.97768	-0.279446	2.97768	-0.279446
1.02147	5.31184	1.02147	5.31184
-0.340365	-6.10513	-0.340365	-6.10513
2.06105	-0.218437	2.06105	-0.218437
3.59193	2.54231	3.59193	2.54231
4.39467	3.22805	4.39467	3.22805
5.43419	0.5874	5.43419	0.5874
-3.34505	3.03945	-3.34505	3.03945
4.4347	2.89882	4.4347	2.89882
3.5389	4.66135	3.5389	4.66135
1.74481	-4.04522	1.74481	-4.04522
3.2876	3.66841	3.2876	3.66841
-2.69896	6.19568	-2.69896	6.19568
2.03779	-1.02098	2.03779	-1.02098
3.45184	2.28006	3.45184	2.28006
-5.08891	5.26661	-5.08891	5.26661
-0.65623	-4.06307	-0.65623	-4.06307
4.41011	3.25285	4.41011	3.25285
5.37431	-0.0997603	5.37431	-0.0997603
3.38523	3.3883	3.38523	3.3883
1.58145	-2.05422	1.58145	-2.05422
3.44601	-0.656688	3.44601	-0.656688
2.35341	4.56004	2.35341	4.56004
-2.01829	-0.0841947	-2.01829	-0.0841947
1.37169	3.26545	1.37169	3.26545
5.83171	4.76399	5.83171	4.76399
4.44112	1.23182	4.44112	1.23182
3.90961	3.4091	3.90961	3.4091
5.41255	2.66892	5.41255	2.66892
-1.03462	6.72449	-1.03462	6.72449
3.26929	3.60052	3.26929	3.60052
3.31255	4.75631	3.31255	4.75631
5.05207	1.72763	5.05207	1.72763
5.98861	-0.0579065	5.98861	-0.0579065
4.04921	0.824313	4.04921	0.824313
1.28524	2.74094	1.28524	2.74094
1.21617	3.53295	1.21617	3.53295
3.55677	1.47363	3.55677	1.47363
-0.115608	4.23529	-0.115608	4.23529
4.40859	-0.240735	4.40859	-0.240735
-0.42119	6.18832	-0.42119	6.18832
5.09966	6.24757	5.09966	6.24757
-0.260557	-1.16109	-0.260557	-1.16109
4.37729	-2.05076	4.37729	-2.05076
5.39343	2.96982	5.39343	2.96982
2.00875	1.43732	2.00875	1.43732
2.3741	0.258858	2.3741	0.258858
0.311214	6.39946	0.311214	6.39946
2.19554	6.31985	2.19554	6.31985
1.62739	4.47373	1.62739	4.47373
4.1076	1.53549	4.1076	1.53549
